# spa_racer telemetry — Lotus 49 @ spa
# t	lap	lapdist	kmh	thr	brk	steer	clu	gear	rpm	x	z	lat	along	ontrack
0.28	0	0.0	0.0	0.0	0.0	0.0	1.0	1	1953	-220.0	906.8	0.0	0.0	1
0.56	0	0.0	0.0	0.0	0.0	0.0	1.0	1	1953	-220.0	906.8	0.0	0.0	1
0.85	0	0.0	0.0	0.0	0.0	0.0	1.0	1	1953	-220.0	906.8	0.0	0.0	1
1.1	0	0.0	0.0	0.0	0.0	0.0	1.0	1	1953	-220.0	906.8	0.0	0.0	1
1.35	0	0.0	0.0	0.0	0.0	0.0	1.0	1	1953	-220.0	906.8	0.0	0.0	1
1.61	0	0.0	0.0	0.0	0.0	0.0	1.0	1	1953	-220.0	906.8	0.0	0.0	1
1.9	0	0.0	0.0	0.0	0.0	0.0	1.0	1	1953	-220.0	906.8	0.0	0.0	1
2.17	0	0.0	0.0	0.0	0.0	0.0	1.0	1	1953	-220.0	906.8	0.0	0.0	1
2.42	0	0.0	0.0	0.0	0.0	0.0	1.0	1	1953	-220.0	906.8	0.0	0.0	1
2.68	0	0.0	0.0	0.0	0.0	0.0	1.0	1	1953	-220.0	906.8	0.0	0.0	1
2.94	0	0.0	0.0	0.0	0.0	0.0	1.0	1	1953	-220.0	906.8	0.0	0.0	1
3.23	0	0.0	0.0	0.0	0.0	0.0	1.0	1	1953	-220.0	906.8	0.0	0.0	1
3.5	0	0.0	0.0	0.0	0.0	0.0	1.0	1	1953	-220.0	906.8	0.0	0.0	1
3.75	0	0.0	0.0	0.0	0.0	0.0	1.0	1	1953	-220.0	906.8	0.0	0.0	1
4.0	0	0.0	0.0	0.0	0.0	0.0	1.0	1	1953	-220.0	906.8	0.0	0.0	1
4.28	0	0.0	0.0	0.0	0.0	0.0	1.0	1	1953	-220.0	906.8	0.0	0.0	1
4.57	0	0.0	0.0	0.0	0.0	0.0	1.0	1	1953	-220.0	906.8	0.0	0.0	1
4.83	0	0.0	0.0	0.0	0.0	0.0	1.0	1	1953	-220.0	906.8	0.0	0.0	1
5.08	0	0.0	0.0	0.0	0.0	0.0	1.0	1	1953	-220.0	906.8	0.0	0.0	1
5.33	0	0.0	0.0	0.0	0.0	0.0	1.0	1	1953	-220.0	906.8	0.0	0.0	1
5.61	0	0.0	0.0	0.0	0.0	0.0	1.0	1	1953	-220.0	906.8	0.0	0.0	1
5.9	0	0.0	0.0	0.0	0.0	0.0	1.0	1	1953	-220.0	906.8	0.0	0.0	1
6.15	0	0.0	0.0	0.0	0.0	0.0	1.0	1	1953	-220.0	906.8	0.0	0.0	1
6.4	0	0.0	0.0	0.0	0.0	0.0	1.0	1	1953	-220.0	906.8	0.0	0.0	1
6.66	0	0.0	0.0	0.0	0.0	0.0	1.0	1	1953	-220.0	906.8	0.0	0.0	1
6.95	0	0.0	0.0	0.0	0.0	0.0	1.0	1	1953	-220.0	906.8	0.0	0.0	1
7.23	0	0.0	0.0	0.0	0.0	0.0	1.0	1	1953	-220.0	906.8	0.0	0.0	1
7.48	0	0.0	0.0	0.0	0.0	0.0	1.0	1	1953	-220.0	906.8	0.0	0.0	1
7.73	0	0.0	0.0	0.0	0.0	0.0	1.0	1	1953	-220.0	906.8	0.0	0.0	1
7.99	0	0.0	0.0	0.0	0.0	0.0	1.0	1	1953	-220.0	906.8	0.0	0.0	1
8.28	0	0.0	0.0	0.0	0.0	0.0	1.0	1	1953	-220.0	906.8	0.0	0.0	1
8.55	0	0.0	0.0	0.0	0.0	0.0	1.0	1	1953	-220.0	906.8	0.0	0.0	1
8.8	0	0.0	0.0	0.0	0.0	0.0	1.0	1	1953	-220.0	906.8	0.0	0.0	1
9.06	0	0.0	0.0	0.0	0.0	0.0	1.0	1	1953	-220.0	906.8	0.0	0.0	1
9.33	0	0.0	0.0	0.0	0.0	0.0	1.0	1	1953	-220.0	906.8	0.0	0.0	1
9.62	0	0.0	0.0	0.0	0.0	0.0	1.0	1	1953	-220.0	906.8	0.0	0.0	1
9.89	0	0.0	0.0	0.0	0.0	0.0	1.0	1	1953	-220.0	906.8	0.0	0.0	1
10.14	0	0.0	0.0	0.0	0.0	0.0	1.0	1	1953	-220.0	906.8	0.0	0.0	1
10.39	0	0.0	0.0	0.0	0.0	0.0	1.0	1	1953	-220.0	906.8	0.0	0.0	1
10.66	0	0.0	0.0	0.0	0.0	0.0	1.0	1	1953	-220.0	906.8	0.0	0.0	1
10.95	0	0.0	0.0	0.0	0.0	0.0	1.0	1	1953	-220.0	906.8	0.0	0.0	1
11.21	0	0.0	0.0	0.0	0.0	0.0	1.0	1	1953	-220.0	906.8	0.0	0.0	1
11.46	0	0.0	0.0	0.0	0.0	0.0	1.0	1	1953	-220.0	906.8	0.0	0.0	1
11.71	0	0.0	0.0	0.0	0.0	0.0	1.0	1	1953	-220.0	906.8	0.0	0.0	1
12.0	0	0.0	0.0	0.0	0.0	0.0	1.0	1	1953	-220.0	906.8	0.0	0.0	1
12.28	0	0.0	0.0	0.0	0.0	0.0	1.0	1	1953	-220.0	906.8	0.0	0.0	1
12.53	0	0.0	0.0	0.0	0.0	0.0	1.0	1	1953	-220.0	906.8	0.0	0.0	1
12.78	0	0.0	0.0	0.0	0.0	0.0	1.0	1	1953	-220.0	906.8	0.0	0.0	1
13.04	0	0.0	0.0	0.0	0.0	0.0	1.0	1	1953	-220.0	906.8	0.01	0.0	1
13.33	0	0.0	0.0	0.0	0.0	0.0	1.0	1	1953	-220.0	906.8	0.01	0.0	1
13.61	0	0.0	0.0	0.0	0.0	0.0	1.0	1	1953	-220.0	906.8	0.01	0.0	1
13.86	0	0.0	0.0	0.0	0.0	0.0	1.0	1	1953	-220.0	906.8	0.01	0.0	1
14.11	0	0.0	0.0	0.0	0.0	0.0	1.0	1	1953	-220.0	906.8	0.01	0.0	1
14.37	0	0.0	0.0	0.0	0.0	0.0	1.0	1	1953	-220.0	906.8	0.01	0.0	1
14.66	0	0.0	0.0	0.0	0.0	0.0	1.0	1	1953	-220.0	906.8	0.01	0.0	1
14.94	0	0.0	0.0	0.0	0.0	0.0	1.0	1	1953	-220.0	906.8	0.01	0.0	1
15.19	0	0.0	0.0	0.0	0.0	0.0	1.0	1	1953	-220.0	906.8	0.01	0.0	1
15.44	0	0.0	0.0	0.0	0.0	0.0	1.0	1	1953	-220.0	906.8	0.01	0.0	1
15.71	0	0.0	0.0	0.0	0.0	0.0	1.0	1	1953	-220.0	906.8	0.01	0.0	1
15.99	0	0.0	0.0	0.0	0.0	0.0	1.0	1	1953	-220.0	906.8	0.01	0.0	1
16.26	0	0.0	0.0	0.0	0.0	0.0	1.0	1	1953	-220.0	906.8	0.01	0.0	1
16.51	0	0.0	0.0	0.0	0.0	0.0	1.0	1	1953	-220.0	906.8	0.01	0.0	1
16.77	0	0.0	0.0	0.0	0.0	0.0	1.0	1	1953	-220.0	906.8	0.01	0.0	1
17.04	0	0.0	0.0	0.0	0.0	0.0	1.0	1	1953	-220.0	906.8	0.01	0.0	1
17.32	0	0.0	0.0	0.0	0.0	0.0	1.0	1	1953	-220.0	906.8	0.01	0.0	1
17.59	0	0.0	0.0	0.0	0.0	0.0	1.0	1	1953	-220.0	906.8	0.01	0.0	1
17.84	0	0.0	0.0	0.0	0.0	0.0	1.0	1	1953	-220.0	906.8	0.01	0.0	1
18.09	0	0.0	0.0	0.0	0.0	0.0	1.0	1	1953	-220.0	906.8	0.01	0.0	1
18.37	0	0.0	0.0	0.0	0.0	0.0	1.0	1	1953	-220.0	906.8	0.01	0.0	1
18.65	0	0.0	0.0	0.0	0.0	0.0	1.0	1	1953	-220.0	906.8	0.01	0.0	1
18.91	0	0.0	0.0	0.0	0.0	0.0	1.0	1	1953	-220.0	906.8	0.01	0.0	1
19.16	0	0.0	0.0	0.0	0.0	0.0	1.0	1	1953	-220.0	906.8	0.01	0.0	1
19.42	0	0.0	0.0	0.0	0.0	0.0	1.0	1	1953	-220.0	906.8	0.01	0.0	1
19.7	0	0.0	0.0	0.0	0.0	0.0	1.0	1	1953	-220.0	906.8	0.01	0.0	1
19.99	0	0.0	0.0	0.0	0.0	0.0	1.0	1	1953	-220.0	906.8	0.01	0.0	1
20.23	0	0.0	0.0	0.0	0.0	0.0	1.0	1	1953	-220.0	906.8	0.01	0.0	1
20.49	0	0.0	0.0	0.0	0.0	0.0	1.0	1	1953	-220.0	906.8	0.01	0.0	1
20.74	0	0.0	0.0	0.0	0.0	0.0	1.0	1	1953	-220.0	906.8	0.01	0.0	1
21.03	0	0.0	0.0	0.0	0.0	0.0	1.0	1	1953	-220.0	906.8	0.01	0.0	1
21.31	0	0.0	0.0	0.0	0.0	0.0	1.0	1	1953	-220.0	906.8	0.01	0.0	1
21.56	0	0.0	0.0	0.0	0.0	0.0	1.0	1	1953	-220.0	906.8	0.01	0.0	1
21.81	0	0.0	0.0	0.0	0.0	0.0	1.0	1	1953	-220.0	906.8	0.01	0.0	1
22.07	0	0.0	0.0	0.0	0.0	0.0	1.0	1	1953	-220.0	906.8	0.01	0.0	1
22.36	0	0.0	0.0	0.0	0.0	0.0	1.0	1	1953	-220.0	906.8	0.01	0.0	1
22.63	0	0.0	0.0	0.0	0.0	0.0	1.0	1	1953	-220.0	906.8	0.01	0.0	1
22.88	0	0.0	0.0	0.0	0.0	0.0	1.0	1	1953	-220.0	906.8	0.01	0.0	1
23.13	0	0.0	0.0	0.0	0.0	0.0	1.0	1	1953	-220.0	906.8	0.01	0.0	1
23.4	0	0.0	0.0	0.0	0.0	0.0	1.0	1	1953	-220.0	906.8	0.01	0.0	1
23.69	0	0.0	0.0	0.0	0.0	0.0	1.0	1	1953	-220.0	906.8	0.01	0.0	1
23.96	0	0.0	0.0	0.0	0.0	0.0	1.0	1	1953	-220.0	906.8	0.01	0.0	1
24.21	0	0.0	0.0	0.0	0.0	0.0	1.0	1	1953	-220.0	906.8	0.01	0.0	1
24.46	0	0.0	0.0	0.0	0.0	0.0	1.0	1	1953	-220.0	906.8	0.01	0.0	1
24.73	0	0.0	0.0	0.0	0.0	0.0	1.0	1	1953	-220.0	906.8	0.01	0.0	1
25.02	0	0.0	0.0	0.0	0.0	0.0	1.0	1	1953	-220.0	906.8	0.01	0.0	1
25.28	0	0.0	0.0	0.0	0.0	0.0	1.0	1	1953	-220.0	906.8	0.01	0.0	1
25.53	0	0.0	0.0	0.0	0.0	0.0	1.0	1	1953	-220.0	906.8	0.01	0.0	1
25.78	0	0.0	0.0	0.0	0.0	0.0	1.0	1	1953	-220.0	906.8	0.01	0.0	1
26.06	0	0.0	0.0	0.0	0.0	0.0	1.0	1	1953	-220.0	906.8	0.01	0.0	1
26.34	0	0.0	0.0	0.0	0.0	0.0	1.0	1	1953	-220.0	906.8	0.01	0.0	1
26.6	0	0.0	0.0	0.0	0.0	0.0	1.0	1	1953	-220.0	906.8	0.01	0.0	1
26.85	0	0.0	0.0	0.0	0.0	0.0	1.0	1	1953	-220.0	906.8	0.01	0.0	1
27.1	0	0.0	0.0	0.0	0.0	0.0	1.0	1	1953	-220.0	906.8	0.01	0.0	1
27.38	0	0.0	0.0	0.0	0.0	0.0	1.0	1	1953	-220.0	906.8	0.01	0.0	1
27.67	0	0.0	0.0	0.0	0.0	0.0	1.0	1	1953	-220.0	906.8	0.01	0.0	1
27.92	0	0.0	0.0	0.0	0.0	0.0	1.0	1	1953	-220.0	906.8	0.01	0.0	1
28.17	0	0.0	0.0	0.0	0.0	0.0	1.0	1	1953	-220.0	906.8	0.01	0.0	1
28.43	0	0.0	0.0	0.0	0.0	0.0	1.0	1	1953	-220.0	906.8	0.01	0.0	1
28.71	0	0.0	0.0	0.0	0.0	0.0	1.0	1	1953	-220.0	906.8	0.01	0.0	1
28.99	0	0.0	0.0	0.0	0.0	0.0	1.0	1	1953	-220.0	906.8	0.01	0.0	1
29.24	0	0.0	0.0	0.0	0.0	0.0	1.0	1	1953	-220.0	906.8	0.01	0.0	1
29.49	0	0.0	0.0	0.0	0.0	0.0	1.0	1	1953	-220.0	906.8	0.01	0.0	1
29.75	0	0.0	0.0	0.0	0.0	0.0	1.0	1	1953	-220.0	906.8	0.01	0.0	1
30.03	0	0.0	0.0	0.0	0.0	0.0	1.0	1	1953	-220.0	906.8	0.01	0.0	1
30.32	0	0.0	0.0	0.0	0.0	0.0	1.0	1	1953	-220.0	906.8	0.01	0.0	1
30.57	0	0.0	0.0	0.0	0.0	0.0	1.0	1	1953	-220.0	906.8	0.01	0.0	1
30.82	0	0.0	0.0	0.0	0.0	0.0	1.0	1	1953	-220.0	906.8	0.01	0.0	1
31.08	0	0.0	0.0	0.0	0.0	0.0	1.0	1	1953	-220.0	906.8	0.01	0.0	1
31.36	0	0.0	0.0	0.0	0.0	0.0	1.0	1	1953	-220.0	906.8	0.01	0.0	1
31.64	0	0.0	0.0	0.0	0.0	0.0	1.0	1	1953	-220.0	906.8	0.01	0.0	1
31.89	0	0.0	0.0	0.0	0.0	0.0	1.0	1	1953	-220.0	906.8	0.01	0.0	1
32.14	0	0.0	0.0	0.0	0.0	0.0	1.0	1	1953	-220.0	906.8	0.01	0.0	1
32.41	0	0.0	0.0	0.0	0.0	0.0	1.0	1	1953	-220.0	906.8	0.01	0.0	1
32.69	0	0.0	0.0	0.0	0.0	0.0	1.0	1	1953	-220.0	906.8	0.01	0.0	1
32.96	0	0.0	0.0	0.0	0.0	0.0	1.0	1	1953	-220.0	906.8	0.01	0.0	1
33.22	0	0.0	0.0	0.0	0.0	0.0	1.0	1	1953	-220.0	906.8	0.01	0.0	1
33.47	0	0.0	0.0	0.0	0.0	0.0	1.0	1	1953	-220.0	906.8	0.01	0.0	1
33.74	0	0.0	0.0	0.0	0.0	0.0	1.0	1	1953	-220.0	906.8	0.01	0.0	1
34.02	0	0.0	0.0	0.0	0.0	0.0	1.0	1	1953	-220.0	906.8	0.01	0.0	1
34.29	0	0.0	0.0	0.0	0.0	0.0	1.0	1	1953	-220.0	906.8	0.01	0.0	1
34.54	0	0.0	0.0	0.0	0.0	0.0	1.0	1	1953	-220.0	906.8	0.01	0.0	1
34.79	0	0.0	0.0	0.0	0.0	0.0	1.0	1	1953	-220.0	906.8	0.01	0.0	1
35.06	0	0.0	0.0	0.0	0.0	0.0	1.0	1	1953	-220.0	906.8	0.01	0.0	1
35.35	0	0.0	0.0	0.0	0.0	0.0	1.0	1	1953	-220.0	906.8	0.01	0.0	1
35.61	0	0.0	0.0	0.0	0.0	0.0	1.0	1	1953	-220.0	906.8	0.01	0.0	1
35.86	0	0.0	0.0	0.0	0.0	0.0	1.0	1	1953	-220.0	906.8	0.01	0.0	1
36.11	0	0.0	0.0	0.0	0.0	0.0	1.0	1	1953	-220.0	906.8	0.01	0.0	1
36.39	0	0.0	0.0	0.0	0.0	0.0	1.0	1	1953	-220.0	906.8	0.01	0.0	1
36.67	0	0.0	0.0	0.0	0.0	0.0	1.0	1	1953	-220.0	906.8	0.01	0.0	1
36.93	0	0.0	0.0	0.0	0.0	0.0	1.0	1	1953	-220.0	906.8	0.01	0.0	1
37.18	0	0.0	0.0	0.0	0.0	0.0	1.0	1	1953	-220.0	906.8	0.01	0.0	1
37.43	0	0.0	0.0	0.0	0.0	0.0	1.0	1	1953	-220.0	906.8	0.01	0.0	1
37.71	0	0.0	0.0	0.0	0.0	0.0	1.0	1	1953	-220.0	906.8	0.01	0.0	1
38.0	0	0.0	0.0	0.0	0.0	0.0	1.0	1	1953	-220.0	906.8	0.01	0.0	1
38.25	0	0.0	0.0	0.0	0.0	0.0	1.0	1	1953	-220.0	906.8	0.01	0.0	1
38.5	0	0.0	0.0	0.0	0.0	0.0	1.0	1	1953	-220.0	906.8	0.02	0.0	1
38.76	0	0.0	0.0	0.0	0.0	0.0	1.0	1	1953	-220.0	906.8	0.02	0.0	1
39.04	0	0.0	0.0	0.0	0.0	0.0	1.0	1	1953	-220.0	906.8	0.02	0.0	1
39.32	0	0.0	0.0	0.0	0.0	0.0	1.0	1	1953	-220.0	906.8	0.02	0.0	1
39.57	0	0.0	0.0	0.0	0.0	0.0	1.0	1	1953	-220.0	906.8	0.02	0.0	1
39.82	0	0.0	0.0	0.0	0.0	0.0	1.0	1	1953	-220.0	906.8	0.02	0.0	1
40.08	0	0.0	0.0	0.0	0.0	0.0	1.0	1	1953	-220.0	906.8	0.02	0.0	1
40.36	0	0.0	0.0	0.0	0.0	0.0	1.0	1	1953	-220.0	906.8	0.02	0.0	1
40.64	0	0.0	0.0	0.0	0.0	0.0	1.0	1	1953	-220.0	906.8	0.02	0.0	1
40.89	0	0.0	0.0	0.0	0.0	0.0	1.0	1	1953	-220.0	906.8	0.02	0.0	1
41.15	0	0.0	0.0	0.0	0.0	0.0	1.0	1	1953	-220.0	906.8	0.02	0.0	1
41.41	0	0.0	0.0	0.0	0.0	0.0	1.0	1	1953	-220.0	906.8	0.02	0.0	1
41.69	0	0.0	0.0	0.0	0.0	0.0	1.0	1	1953	-220.0	906.8	0.02	0.0	1
41.97	0	0.0	0.0	0.0	0.0	0.0	1.0	1	1953	-220.0	906.8	0.02	0.0	1
42.22	0	0.0	0.0	0.0	0.0	0.0	1.0	1	1953	-220.0	906.8	0.02	0.0	1
42.47	0	0.0	0.0	0.0	0.0	0.0	1.0	1	1953	-220.0	906.8	0.02	0.0	1
42.73	0	0.0	0.0	0.0	0.0	0.0	1.0	1	1953	-220.0	906.8	0.02	0.0	1
43.02	0	0.0	0.0	0.0	0.0	0.0	1.0	1	1953	-220.0	906.8	0.02	0.0	1
43.29	0	0.0	0.0	0.0	0.0	0.0	1.0	1	1953	-220.0	906.8	0.02	0.0	1
43.54	0	0.0	0.0	0.0	0.0	0.0	1.0	1	1953	-220.0	906.8	0.02	0.0	1
43.79	0	0.0	0.0	0.0	0.0	0.0	1.0	1	1953	-220.0	906.8	0.02	0.0	1
44.06	0	0.0	0.0	0.0	0.0	0.0	1.0	1	1953	-220.0	906.8	0.02	0.0	1
44.34	0	0.0	0.0	0.0	0.0	0.0	1.0	1	1953	-220.0	906.8	0.02	0.0	1
44.61	0	0.0	0.0	0.0	0.0	0.0	1.0	1	1953	-220.0	906.8	0.02	0.0	1
44.86	0	0.0	0.0	0.0	0.0	0.0	1.0	1	1953	-220.0	906.8	0.02	0.0	1
45.11	0	0.0	0.0	0.0	0.0	0.0	1.0	1	1953	-220.0	906.8	0.02	0.0	1
45.38	0	0.0	0.0	0.0	0.0	0.0	1.0	1	1953	-220.0	906.8	0.02	0.0	1
45.66	0	0.0	0.0	0.0	0.0	0.0	1.0	1	1953	-220.0	906.8	0.02	0.0	1
45.93	0	0.0	0.0	0.0	0.0	0.0	1.0	1	1953	-220.0	906.8	0.02	0.0	1
46.18	0	0.0	0.0	0.0	0.0	0.0	1.0	1	1953	-220.0	906.8	0.02	0.0	1
46.43	0	0.0	0.0	0.0	0.0	0.0	1.0	1	1953	-220.0	906.8	0.02	0.0	1
46.7	0	0.0	0.0	0.0	0.0	0.0	1.0	1	1953	-220.0	906.8	0.02	0.0	1
46.98	0	0.0	0.0	0.0	0.0	0.0	1.0	1	1953	-220.0	906.8	0.02	0.0	1
47.25	0	0.0	0.0	0.0	0.0	0.0	1.0	1	1953	-220.0	906.8	0.02	0.0	1
47.5	0	0.0	0.0	0.0	0.0	0.0	1.0	1	1953	-220.0	906.8	0.02	0.0	1
47.75	0	0.0	0.0	0.0	0.0	0.0	1.0	1	1953	-220.0	906.8	0.02	0.0	1
48.03	0	0.0	0.0	0.0	0.0	0.0	1.0	1	1953	-220.0	906.8	0.02	0.0	1
48.31	0	0.0	0.0	0.0	0.0	0.0	1.0	1	1953	-220.0	906.8	0.02	0.0	1
48.57	0	0.0	0.0	0.0	0.0	0.0	1.0	1	1953	-220.0	906.8	0.02	0.0	1
48.82	0	0.0	0.0	0.0	0.0	0.0	1.0	1	1953	-220.0	906.8	0.02	0.0	1
49.07	0	0.0	0.0	0.0	0.0	0.0	1.0	1	1953	-220.0	906.8	0.02	0.0	1
49.35	0	0.0	0.0	0.0	0.0	0.0	1.0	1	1953	-220.0	906.8	0.02	0.0	1
49.64	0	0.0	0.0	0.0	0.0	0.0	1.0	1	1953	-220.0	906.8	0.02	0.0	1
49.9	0	0.0	0.0	0.0	0.0	0.0	1.0	1	1953	-220.0	906.8	0.02	0.0	1
50.15	0	0.0	0.0	0.0	0.0	0.0	1.0	1	1953	-220.0	906.8	0.02	0.0	1
50.4	0	0.0	0.0	0.0	0.0	0.0	1.0	1	1953	-220.0	906.8	0.02	0.0	1
50.68	0	0.0	0.0	0.0	0.0	0.0	1.0	1	1953	-220.0	906.8	0.02	0.0	1
50.97	0	0.0	0.0	0.0	0.0	0.0	1.0	1	1953	-220.0	906.8	0.02	0.0	1
51.22	0	0.0	0.0	0.0	0.0	0.0	1.0	1	1953	-220.0	906.8	0.02	0.0	1
51.47	0	0.0	0.0	0.0	0.0	0.0	1.0	1	1953	-220.0	906.8	0.02	0.0	1
51.72	0	0.0	0.0	0.0	0.0	0.0	1.0	1	1953	-220.0	906.8	0.02	0.0	1
52.0	0	0.0	0.0	0.0	0.0	0.0	1.0	1	1953	-220.0	906.8	0.02	0.0	1
52.29	0	0.0	0.0	0.0	0.0	0.0	1.0	1	1953	-220.0	906.8	0.02	0.0	1
52.54	0	0.0	0.0	0.0	0.0	0.0	1.0	1	1953	-220.0	906.8	0.02	0.0	1
52.79	0	0.0	0.0	0.0	0.0	0.0	1.0	1	1953	-220.0	906.8	0.02	0.0	1
53.05	0	0.0	0.0	0.0	0.0	0.0	1.0	1	1953	-220.0	906.8	0.02	0.0	1
53.33	0	0.0	0.0	0.0	0.0	0.0	1.0	1	1953	-220.0	906.8	0.02	0.0	1
53.61	0	0.0	0.0	0.0	0.0	0.0	1.0	1	1953	-220.0	906.8	0.02	0.0	1
53.86	0	0.0	0.0	0.0	0.0	0.0	1.0	1	1953	-220.0	906.8	0.02	0.0	1
54.11	0	0.0	0.0	0.0	0.0	0.0	1.0	1	1953	-220.0	906.8	0.02	0.0	1
54.37	0	0.0	0.0	0.0	0.0	0.0	1.0	1	1953	-220.0	906.8	0.02	0.0	1
54.65	0	0.0	0.0	0.0	0.0	0.0	1.0	1	1953	-220.0	906.8	0.02	0.0	1
54.93	0	0.0	0.0	0.0	0.0	0.0	1.0	1	1953	-220.0	906.8	0.02	0.0	1
55.19	0	0.0	0.0	0.0	0.0	0.0	1.0	1	1953	-220.0	906.8	0.02	0.0	1
55.44	0	0.0	0.0	0.0	0.0	0.0	1.0	1	1953	-220.0	906.8	0.02	0.0	1
55.7	0	0.0	0.0	0.0	0.0	0.0	1.0	1	1953	-220.0	906.8	0.02	0.0	1
55.98	0	0.0	0.0	0.0	0.0	0.0	1.0	1	1953	-220.0	906.8	0.02	0.0	1
56.25	0	0.0	0.0	0.0	0.0	0.0	1.0	1	1953	-220.0	906.8	0.02	0.0	1
56.5	0	0.0	0.0	0.0	0.0	0.0	1.0	1	1953	-220.0	906.8	0.02	0.0	1
56.75	0	0.0	0.0	0.0	0.0	0.0	1.0	1	1953	-220.0	906.8	0.02	0.0	1
57.01	0	0.0	0.0	0.0	0.0	0.0	1.0	1	1953	-220.0	906.8	0.02	0.0	1
57.3	0	0.0	0.0	0.0	0.0	0.0	1.0	1	1953	-220.0	906.8	0.02	0.0	1
57.58	0	0.0	0.0	0.0	0.0	0.0	1.0	1	1953	-220.0	906.8	0.02	0.0	1
57.84	0	0.0	0.0	0.0	0.0	0.0	1.0	1	1953	-220.0	906.8	0.02	0.0	1
58.09	0	0.0	0.0	0.0	0.0	0.0	1.0	1	1953	-220.0	906.8	0.02	0.0	1
58.36	0	0.0	0.0	0.0	0.0	0.0	1.0	1	1953	-220.0	906.8	0.02	0.0	1
58.65	0	0.0	0.0	0.0	0.0	0.0	1.0	1	1953	-220.0	906.8	0.02	0.0	1
58.92	0	0.0	0.0	0.0	0.0	0.0	1.0	1	1953	-220.0	906.8	0.02	0.0	1
59.17	0	0.0	0.0	0.0	0.0	0.0	1.0	1	1953	-220.0	906.8	0.02	0.0	1
59.42	0	0.0	0.0	0.0	0.0	0.0	1.0	1	1953	-220.0	906.8	0.02	0.0	1
59.69	0	0.0	0.0	0.0	0.0	0.0	1.0	1	1953	-220.0	906.8	0.02	0.0	1
59.97	0	0.0	0.0	0.0	0.0	0.0	1.0	1	1953	-220.0	906.8	0.02	0.0	1
60.24	0	0.0	0.0	0.0	0.0	0.0	1.0	1	1953	-220.0	906.8	0.02	0.0	1
60.49	0	0.0	0.0	0.0	0.0	0.0	1.0	1	1953	-220.0	906.8	0.02	0.0	1
60.75	0	0.0	0.0	0.0	0.0	0.0	1.0	1	1953	-220.0	906.8	0.02	0.0	1
61.02	0	0.0	0.0	0.0	0.0	0.0	1.0	1	1953	-220.0	906.8	0.02	0.0	1
61.3	0	0.0	0.0	0.0	0.0	0.0	1.0	1	1953	-220.0	906.8	0.02	0.0	1
61.57	0	0.0	0.0	0.0	0.0	0.0	1.0	1	1953	-220.0	906.8	0.02	0.0	1
61.83	0	0.0	0.0	0.0	0.0	0.0	1.0	1	1953	-220.0	906.8	0.02	0.0	1
62.08	0	0.0	0.0	0.0	0.0	0.0	1.0	1	1953	-220.0	906.8	0.02	0.0	1
62.35	0	0.0	0.0	0.0	0.0	0.0	1.0	1	1953	-220.0	906.8	0.02	0.0	1
62.64	0	0.0	0.0	0.0	0.0	0.0	1.0	1	1953	-220.0	906.8	0.02	0.0	1
62.91	0	0.0	0.0	0.0	0.0	0.0	1.0	1	1953	-220.0	906.8	0.02	0.0	1
63.16	0	0.0	0.0	0.0	0.0	0.0	1.0	1	1953	-220.0	906.8	0.02	0.0	1
63.41	0	0.0	0.0	0.0	0.0	0.0	1.0	1	1953	-220.0	906.8	0.02	0.0	1
63.69	0	0.0	0.0	0.0	0.0	0.0	1.0	1	1953	-220.0	906.8	0.02	0.0	1
63.98	0	0.0	0.0	0.0	0.0	0.0	1.0	1	1953	-220.0	906.8	0.02	0.0	1
64.25	0	0.0	0.0	0.0	0.0	0.0	1.0	1	1953	-220.0	906.8	0.03	0.0	1
64.51	0	0.0	0.0	0.0	0.0	0.0	1.0	1	1953	-220.0	906.8	0.03	0.0	1
64.76	0	0.0	0.0	0.0	0.0	0.0	1.0	1	1953	-220.0	906.8	0.03	0.0	1
65.03	0	0.0	0.0	0.0	0.0	0.0	1.0	1	1953	-220.0	906.8	0.03	0.0	1
65.32	0	0.0	0.0	0.0	0.0	0.0	1.0	1	1953	-220.0	906.8	0.03	0.0	1
65.59	0	0.0	0.0	0.0	0.0	0.0	1.0	1	1953	-220.0	906.8	0.03	0.0	1
65.84	0	0.0	0.0	0.0	0.0	0.0	1.0	1	1953	-220.0	906.8	0.03	0.0	1
66.09	0	0.0	0.0	0.0	0.0	0.0	1.0	1	1953	-220.0	906.8	0.03	0.0	1
66.37	0	0.0	0.0	0.0	0.0	0.0	1.0	1	1953	-220.0	906.8	0.03	0.0	1
66.66	0	0.0	0.0	0.0	0.0	0.0	1.0	1	1953	-220.0	906.8	0.03	0.0	1
66.92	0	0.0	0.0	0.0	0.0	0.0	1.0	1	1953	-220.0	906.8	0.03	0.0	1
67.17	0	0.0	0.0	0.0	0.0	0.0	1.0	1	1953	-220.0	906.8	0.03	0.0	1
67.42	0	0.0	0.0	0.0	0.0	0.0	1.0	1	1953	-220.0	906.8	0.03	0.0	1
67.7	0	0.0	0.0	0.0	0.0	0.0	1.0	1	1953	-220.0	906.8	0.03	0.0	1
67.98	0	0.0	0.0	0.0	0.0	0.0	1.0	1	1953	-220.0	906.8	0.03	0.0	1
68.24	0	0.0	0.0	0.0	0.0	0.0	1.0	1	1953	-220.0	906.8	0.03	0.0	1
68.5	0	0.0	0.0	0.0	0.0	0.0	1.0	1	1953	-220.0	906.8	0.03	0.0	1
68.75	0	0.0	0.0	0.0	0.0	0.0	1.0	1	1953	-220.0	906.8	0.03	0.0	1
69.03	0	0.0	0.0	0.0	0.0	0.0	1.0	1	1953	-220.0	906.8	0.03	0.0	1
69.32	0	0.0	0.0	0.0	0.0	0.0	1.0	1	1953	-220.0	906.8	0.03	0.0	1
69.57	0	0.0	0.0	0.0	0.0	0.0	1.0	1	1953	-220.0	906.8	0.03	0.0	1
69.83	0	0.0	0.0	0.0	0.0	0.0	1.0	1	1953	-220.0	906.8	0.03	0.0	1
70.09	0	0.0	0.0	0.0	0.0	0.0	1.0	1	1953	-220.0	906.8	0.03	0.0	1
70.37	0	0.0	0.0	0.0	0.0	0.0	1.0	1	1953	-220.0	906.8	0.03	0.0	1
70.66	0	0.0	0.0	0.0	0.0	0.0	1.0	1	1953	-220.0	906.8	0.03	0.0	1
70.91	0	0.0	0.0	0.0	0.0	0.0	1.0	1	1953	-220.0	906.8	0.03	0.0	1
71.16	0	0.0	0.0	0.0	0.0	0.0	1.0	1	1953	-220.0	906.8	0.03	0.0	1
71.42	0	0.0	0.0	0.0	0.0	0.0	1.0	1	1953	-220.0	906.8	0.03	0.0	1
71.71	0	0.0	0.0	0.0	0.0	0.0	1.0	1	1953	-220.0	906.8	0.03	0.0	1
72.0	0	0.0	0.0	0.0	0.0	0.0	1.0	1	1953	-220.0	906.8	0.03	0.0	1
72.25	0	0.0	0.0	0.0	0.0	0.0	1.0	1	1953	-220.0	906.8	0.03	0.0	1
72.51	0	0.0	0.0	0.0	0.0	0.0	1.0	1	1953	-220.0	906.8	0.03	0.0	1
72.76	0	0.0	0.0	0.0	0.0	0.0	1.0	1	1953	-220.0	906.8	0.03	0.0	1
73.05	0	0.0	0.0	0.0	0.0	0.0	1.0	1	1953	-220.0	906.8	0.03	0.0	1
73.33	0	0.0	0.0	0.0	0.0	0.0	1.0	1	1953	-220.0	906.8	0.03	0.0	1
73.59	0	0.0	0.0	0.0	0.0	0.0	1.0	1	1953	-220.0	906.8	0.03	0.0	1
73.84	0	0.0	0.0	0.0	0.0	0.0	1.0	1	1953	-220.0	906.8	0.03	0.0	1
74.09	0	0.0	0.0	0.0	0.0	0.0	1.0	1	1953	-220.0	906.8	0.03	0.0	1
74.37	0	0.0	0.0	0.0	0.0	0.0	1.0	1	1953	-220.0	906.8	0.03	0.0	1
74.66	0	0.0	0.0	0.0	0.0	0.0	1.0	1	1953	-220.0	906.8	0.03	0.0	1
74.91	0	0.0	0.0	0.0	0.0	0.0	1.0	1	1953	-220.0	906.8	0.03	0.0	1
75.17	0	0.0	0.0	0.0	0.0	0.0	1.0	1	1953	-220.0	906.8	0.03	0.0	1
75.42	0	0.0	0.0	0.0	0.0	0.0	1.0	1	1953	-220.0	906.8	0.03	0.0	1
75.7	0	0.0	0.0	0.0	0.0	0.0	1.0	1	1953	-220.0	906.8	0.03	0.0	1
75.99	0	0.0	0.0	0.0	0.0	0.0	1.0	1	1953	-220.0	906.8	0.03	0.0	1
76.24	0	0.0	0.0	0.0	0.0	0.0	1.0	1	1953	-220.0	906.8	0.03	0.0	1
76.49	0	0.0	0.0	0.0	0.0	0.0	1.0	1	1953	-220.0	906.8	0.03	0.0	1
76.75	0	0.0	0.0	0.0	0.0	0.0	1.0	1	1953	-220.0	906.8	0.03	0.0	1
77.03	0	0.0	0.0	0.0	0.0	0.0	1.0	1	1953	-220.0	906.8	0.03	0.0	1
77.31	0	0.0	0.0	0.0	0.0	0.0	1.0	1	1953	-220.0	906.8	0.03	0.0	1
77.56	0	0.0	0.0	0.0	0.0	0.0	1.0	1	1953	-220.0	906.8	0.03	0.0	1
77.81	0	0.0	0.0	0.0	0.0	0.0	1.0	1	1953	-220.0	906.8	0.03	0.0	1
78.07	0	0.0	0.0	0.0	0.0	0.0	1.0	1	1953	-220.0	906.8	0.03	0.0	1
78.35	0	0.0	0.0	0.0	0.0	0.0	1.0	1	1953	-220.0	906.8	0.03	0.0	1
78.63	0	0.0	0.0	0.0	0.0	0.0	1.0	1	1953	-220.0	906.8	0.03	0.0	1
78.89	0	0.0	0.0	0.0	0.0	0.0	1.0	1	1953	-220.0	906.8	0.03	0.0	1
79.14	0	0.0	0.0	0.0	0.0	0.0	1.0	1	1953	-220.0	906.8	0.03	0.0	1
79.4	0	0.0	0.0	0.0	0.0	0.0	1.0	1	1953	-220.0	906.8	0.03	0.0	1
79.68	0	0.0	0.0	0.0	0.0	0.0	1.0	1	1953	-220.0	906.8	0.03	0.0	1
79.96	0	0.0	0.0	0.0	0.0	0.0	1.0	1	1953	-220.0	906.8	0.03	0.0	1
80.21	0	0.0	0.0	0.0	0.0	0.0	1.0	1	1953	-220.0	906.8	0.03	0.0	1
80.47	0	0.0	0.0	0.0	0.0	0.0	1.0	1	1953	-220.0	906.8	0.03	0.0	1
80.73	0	0.0	0.0	0.0	0.0	0.0	1.0	1	1953	-220.0	906.8	0.03	0.0	1
81.01	0	0.0	0.0	0.0	0.0	0.0	1.0	1	1953	-220.0	906.8	0.03	0.0	1
81.29	0	0.0	0.0	0.0	0.0	0.0	1.0	1	1953	-220.0	906.8	0.03	0.0	1
81.54	0	0.0	0.0	0.0	0.0	0.0	1.0	1	1953	-220.0	906.8	0.03	0.0	1
81.8	0	0.0	0.0	0.0	0.0	0.0	1.0	1	1953	-220.0	906.8	0.03	0.0	1
82.06	0	0.0	0.0	0.0	0.0	0.0	1.0	1	1953	-220.0	906.8	0.03	0.0	1
82.35	0	0.0	0.0	0.0	0.0	0.0	1.0	1	1953	-220.0	906.8	0.03	0.0	1
82.63	0	0.0	0.0	0.0	0.0	0.0	1.0	1	1953	-220.0	906.8	0.03	0.0	1
82.88	0	0.0	0.0	0.0	0.0	0.0	1.0	1	1953	-220.0	906.8	0.03	0.0	1
83.13	0	0.0	0.0	0.0	0.0	0.0	1.0	1	1953	-220.0	906.8	0.03	0.0	1
83.4	0	0.0	0.0	0.0	0.0	0.0	1.0	1	1953	-220.0	906.8	0.03	0.0	1
83.68	0	0.0	0.0	0.0	0.0	0.0	1.0	1	1953	-220.0	906.8	0.03	0.0	1
83.96	0	0.0	0.0	0.0	0.0	0.0	1.0	1	1953	-220.0	906.8	0.03	0.0	1
84.21	0	0.0	0.0	0.0	0.0	0.0	1.0	1	1953	-220.0	906.8	0.03	0.0	1
84.47	0	0.0	0.0	0.0	0.0	0.0	1.0	1	1953	-220.0	906.8	0.03	0.0	1
84.73	0	0.0	0.0	0.0	0.0	0.0	1.0	1	1953	-220.0	906.8	0.03	0.0	1
85.02	0	0.0	0.0	0.0	0.0	0.0	1.0	1	1953	-220.0	906.8	0.03	0.0	1
85.3	0	0.0	0.0	0.0	0.0	0.0	1.0	1	1953	-220.0	906.8	0.03	0.0	1
85.55	0	0.0	0.0	0.0	0.0	0.0	1.0	1	1953	-220.0	906.8	0.03	0.0	1
85.8	0	0.0	0.0	0.0	0.0	0.0	1.0	1	1953	-220.0	906.8	0.03	0.0	1
86.06	0	0.0	0.0	0.0	0.0	0.0	1.0	1	1953	-220.0	906.8	0.03	0.0	1
