# watglen_racer telemetry — Lotus 49 @ watglen
# t	lap	lapdist	kmh	thr	brk	steer	clu	gear	rpm	x	z	lat	along	ontrack
0.18	0	0.0	0.0	0.0	0.0	0.05	0.0	1	1954	-50.2	762.7	0.0	0.0	1
0.29	0	0.0	0.0	0.0	0.0	0.05	0.0	1	1953	-50.2	762.7	0.0	0.0	1
0.38	0	0.0	0.0	0.0	0.0	0.05	0.0	1	1953	-50.2	762.7	0.0	0.0	1
0.48	0	0.0	0.0	0.0	0.0	0.05	0.0	1	1953	-50.2	762.7	0.0	0.0	1
0.58	0	0.0	0.0	0.0	0.0	0.05	0.0	1	1953	-50.2	762.7	0.0	0.0	1
0.68	0	0.0	0.0	0.0	0.0	0.05	0.0	1	1953	-50.2	762.7	0.0	0.0	1
0.78	0	0.0	0.0	0.0	0.0	0.05	0.0	1	1953	-50.2	762.7	0.0	0.0	1
0.88	0	0.0	0.0	0.0	0.0	0.05	0.0	1	1953	-50.2	762.7	0.01	0.0	1
0.98	0	0.0	0.0	0.0	0.0	0.05	0.0	1	1953	-50.2	762.7	0.01	0.0	1
1.08	0	0.0	0.0	0.0	0.0	0.05	0.0	1	1953	-50.2	762.7	0.01	0.0	1
1.19	0	0.0	0.0	0.0	0.0	0.05	0.0	1	1953	-50.2	762.7	0.01	0.0	1
1.29	0	0.0	0.0	0.0	0.0	0.05	0.0	1	1953	-50.2	762.7	0.01	0.0	1
1.39	0	0.0	0.0	0.0	0.0	0.05	0.0	1	1953	-50.2	762.7	0.01	0.0	1
1.49	0	0.0	0.0	0.0	0.0	0.05	0.0	1	1953	-50.2	762.7	0.01	0.0	1
1.59	0	0.0	0.0	0.0	0.0	0.05	0.0	1	1953	-50.2	762.7	0.01	0.0	1
1.69	0	0.0	0.0	0.0	0.0	0.05	0.0	1	1953	-50.2	762.7	0.01	0.0	1
1.79	0	0.0	0.0	0.0	0.0	0.05	0.0	1	1953	-50.2	762.7	0.01	0.0	1
1.89	0	0.0	0.0	0.0	0.0	0.05	0.0	1	1953	-50.2	762.7	0.01	0.0	1
1.99	0	0.0	0.0	0.0	0.0	0.05	0.0	1	1953	-50.2	762.7	0.01	0.0	1
2.09	0	0.0	0.0	0.0	0.0	0.05	0.0	1	1953	-50.2	762.7	0.01	0.0	1
2.19	0	0.0	0.0	0.0	0.0	0.05	0.0	1	1953	-50.2	762.7	0.01	0.0	1
2.29	0	0.0	0.0	0.0	0.0	0.05	0.0	1	1953	-50.2	762.7	0.01	0.0	1
2.39	0	0.0	0.0	0.0	0.0	0.05	0.0	1	1953	-50.2	762.7	0.01	0.0	1
2.49	0	0.0	0.0	0.0	0.0	0.05	0.0	1	1953	-50.2	762.7	0.02	0.0	1
2.59	0	0.0	0.0	0.0	0.0	0.05	0.0	1	1953	-50.2	762.7	0.02	0.0	1
2.69	0	0.0	0.0	0.0	0.0	0.05	0.0	1	1953	-50.2	762.7	0.02	0.0	1
2.79	0	0.0	0.0	0.0	0.0	0.05	0.0	1	1953	-50.2	762.7	0.02	0.0	1
2.89	0	0.0	0.0	0.0	0.0	0.05	0.0	1	1953	-50.2	762.7	0.02	0.0	1
2.99	0	0.0	0.0	0.0	0.0	0.05	0.0	1	1953	-50.2	762.7	0.02	0.0	1
3.09	0	0.0	0.0	0.0	0.0	0.05	0.0	1	1953	-50.2	762.7	0.02	0.0	1
3.19	0	0.0	0.0	0.0	0.0	0.05	0.0	1	1953	-50.2	762.7	0.02	0.0	1
3.29	0	0.0	0.0	0.0	0.0	0.05	0.0	1	1953	-50.2	762.7	0.02	0.0	1
3.39	0	0.0	0.0	0.0	0.0	0.05	0.0	1	1953	-50.2	762.7	0.02	0.0	1
3.49	0	0.0	0.0	0.0	0.0	0.05	0.0	1	1953	-50.2	762.7	0.02	0.0	1
3.59	0	0.0	0.0	0.0	0.0	0.05	0.0	1	1953	-50.2	762.7	0.02	0.0	1
3.69	0	0.0	0.0	0.0	0.0	0.05	0.0	1	1953	-50.2	762.7	0.02	0.0	1
3.79	0	0.0	0.0	0.0	0.0	0.05	0.0	1	1953	-50.2	762.7	0.02	0.0	1
3.89	0	0.0	0.0	0.0	0.0	0.05	0.0	1	1953	-50.2	762.7	0.02	0.0	1
3.99	0	0.0	0.0	0.0	0.0	0.05	0.0	1	1953	-50.2	762.7	0.02	0.0	1
4.09	0	0.0	0.0	0.0	0.0	0.05	0.0	1	1953	-50.2	762.7	0.02	0.0	1
4.19	0	0.0	0.0	0.0	0.0	0.05	0.0	1	1953	-50.2	762.7	0.03	0.0	1
4.29	0	0.0	0.0	0.0	0.0	0.05	0.0	1	1953	-50.2	762.7	0.03	0.0	1
4.39	0	0.0	0.0	0.0	0.0	0.05	0.0	1	1953	-50.2	762.7	0.03	0.0	1
4.49	0	0.0	0.0	0.0	0.0	0.05	0.0	1	1953	-50.2	762.7	0.03	0.0	1
4.59	0	0.0	0.0	0.0	0.0	0.05	0.0	1	1953	-50.2	762.7	0.03	0.0	1
4.69	0	0.0	0.0	0.0	0.0	0.05	0.0	1	1953	-50.2	762.7	0.03	0.0	1
4.79	0	0.0	0.0	0.0	0.0	0.05	0.0	1	1953	-50.2	762.7	0.03	0.0	1
4.89	0	0.0	0.0	0.0	0.0	0.05	0.0	1	1953	-50.2	762.7	0.03	0.0	1
4.99	0	0.0	0.0	0.0	0.0	0.05	0.0	1	1953	-50.2	762.7	0.03	0.0	1
5.09	0	0.0	0.0	0.0	0.0	0.05	0.0	1	1953	-50.2	762.7	0.03	0.0	1
5.19	0	0.0	0.0	0.0	0.0	0.05	0.0	1	1953	-50.2	762.7	0.03	0.0	1
5.29	0	0.0	0.0	0.0	0.0	0.05	0.0	1	1953	-50.2	762.7	0.03	0.0	1
5.39	0	0.0	0.0	0.0	0.0	0.05	0.0	1	1953	-50.2	762.7	0.03	0.0	1
5.49	0	0.0	0.0	0.0	0.0	0.05	0.0	1	1953	-50.2	762.7	0.03	0.0	1
5.59	0	0.0	0.0	0.0	0.0	0.05	0.0	1	1953	-50.2	762.7	0.03	0.0	1
5.69	0	0.0	0.0	0.0	0.0	0.05	0.0	1	1953	-50.2	762.7	0.03	0.0	1
5.79	0	0.0	0.0	0.0	0.0	0.05	0.0	1	1953	-50.2	762.7	0.03	0.0	1
5.89	0	0.0	0.0	0.0	0.0	0.05	0.0	1	1953	-50.3	762.7	0.04	0.0	1
5.99	0	0.0	0.0	0.0	0.0	0.05	0.0	1	1953	-50.3	762.7	0.04	0.0	1
6.09	0	0.0	0.0	0.0	0.0	0.05	0.0	1	1953	-50.3	762.7	0.04	0.0	1
6.19	0	0.0	0.0	0.0	0.0	0.05	0.0	1	1953	-50.3	762.7	0.04	0.0	1
6.29	0	0.0	0.0	0.0	0.0	0.05	0.0	1	1953	-50.3	762.7	0.04	0.0	1
6.39	0	0.0	0.0	0.0	0.0	0.05	0.0	1	1953	-50.3	762.7	0.04	0.0	1
6.49	0	0.0	0.0	0.0	0.0	0.05	0.0	1	1953	-50.3	762.7	0.04	0.0	1
6.59	0	0.0	0.0	0.0	0.0	0.05	0.0	1	1953	-50.3	762.7	0.04	0.0	1
6.69	0	0.0	0.0	0.0	0.0	0.05	0.0	1	1953	-50.3	762.7	0.04	0.0	1
6.79	0	0.0	0.0	0.0	0.0	0.05	0.0	1	1953	-50.3	762.7	0.04	0.0	1
6.93	0	0.0	0.0	0.0	0.0	0.05	0.0	1	1953	-50.3	762.7	0.04	0.0	1
7.03	0	0.0	0.0	0.0	0.0	0.05	0.0	1	1953	-50.3	762.7	0.04	0.0	1
7.14	0	0.0	0.0	0.0	0.0	0.05	0.0	1	1953	-50.3	762.7	0.04	0.0	1
7.25	0	0.0	0.0	0.0	0.0	0.05	0.0	1	1953	-50.3	762.7	0.04	0.0	1
7.35	0	0.0	0.0	0.0	0.0	0.05	0.0	1	1953	-50.3	762.7	0.04	0.0	1
7.45	0	0.0	0.0	0.0	0.0	0.05	0.0	1	1953	-50.3	762.7	0.04	0.0	1
7.55	0	0.0	0.0	0.0	0.0	0.05	0.0	1	1953	-50.3	762.7	0.05	0.0	1
7.65	0	0.0	0.0	0.0	0.0	0.05	0.0	1	1953	-50.3	762.7	0.05	0.0	1
7.75	0	0.0	0.0	0.0	0.0	0.05	0.0	1	1953	-50.3	762.7	0.05	0.0	1
7.85	0	0.0	0.0	0.0	0.0	0.05	0.0	1	1953	-50.3	762.7	0.05	0.0	1
7.95	0	0.0	0.0	0.0	0.0	0.05	0.0	1	1953	-50.3	762.7	0.05	0.0	1
8.05	0	0.0	0.0	0.0	0.0	0.05	0.0	1	1953	-50.3	762.7	0.05	0.0	1
8.15	0	0.0	0.0	0.0	0.0	0.05	0.0	1	1953	-50.3	762.7	0.05	0.0	1
8.25	0	0.0	0.0	0.0	0.0	0.05	0.0	1	1953	-50.3	762.7	0.05	0.0	1
8.35	0	0.0	0.0	0.0	0.0	0.05	0.0	1	1953	-50.3	762.7	0.05	0.0	1
8.45	0	0.0	0.0	0.0	0.0	0.05	0.0	1	1953	-50.3	762.7	0.05	0.0	1
8.55	0	0.0	0.0	0.0	0.0	0.05	0.0	1	1953	-50.3	762.7	0.05	0.0	1
8.65	0	0.0	0.0	0.0	0.0	0.05	0.0	1	1953	-50.3	762.7	0.05	0.0	1
8.75	0	0.0	0.0	0.0	0.0	0.05	0.0	1	1953	-50.3	762.7	0.05	0.0	1
8.85	0	0.0	0.0	0.0	0.0	0.05	0.0	1	1953	-50.3	762.7	0.05	0.0	1
8.95	0	0.0	0.0	0.0	0.0	0.05	0.0	1	1953	-50.3	762.7	0.05	0.0	1
9.05	0	0.0	0.0	0.0	0.0	0.05	0.0	1	1953	-50.3	762.7	0.05	0.0	1
9.15	0	0.0	0.0	0.0	0.0	0.05	0.0	1	1953	-50.3	762.7	0.05	0.0	1
9.25	0	0.0	0.0	0.0	0.0	0.05	0.0	1	1953	-50.3	762.7	0.06	0.0	1
9.35	0	0.0	0.0	0.0	0.0	0.05	0.0	1	1953	-50.3	762.7	0.06	0.0	1
9.45	0	0.0	0.0	0.0	0.0	0.05	0.0	1	1953	-50.3	762.7	0.06	0.0	1
9.55	0	0.0	0.0	0.0	0.0	0.05	0.0	1	1953	-50.3	762.7	0.06	0.0	1
9.65	0	0.0	0.0	0.0	0.0	0.05	0.0	1	1953	-50.3	762.7	0.06	0.0	1
9.75	0	0.0	0.0	0.0	0.0	0.05	0.0	1	1953	-50.3	762.7	0.06	0.0	1
9.85	0	0.0	0.0	0.0	0.0	0.05	0.0	1	1953	-50.3	762.7	0.06	0.0	1
9.95	0	0.0	0.0	0.0	0.0	0.05	0.0	1	1953	-50.3	762.7	0.06	0.0	1
10.05	0	0.0	0.0	0.0	0.0	0.05	0.0	1	1953	-50.3	762.7	0.06	0.0	1
10.15	0	0.0	0.0	0.0	0.0	0.05	0.0	1	1953	-50.3	762.7	0.06	0.0	1
10.25	0	0.0	0.0	0.0	0.0	0.05	0.0	1	1953	-50.3	762.7	0.06	0.0	1
10.35	0	0.0	0.0	0.0	0.0	0.05	0.0	1	1953	-50.3	762.7	0.06	0.0	1
10.45	0	0.0	0.0	0.0	0.0	0.05	0.0	1	1953	-50.3	762.7	0.06	0.0	1
10.55	0	0.0	0.0	0.0	0.0	0.05	0.0	1	1953	-50.3	762.7	0.06	0.0	1
10.65	0	0.0	0.0	0.0	0.0	0.05	0.0	1	1953	-50.3	762.7	0.06	0.0	1
10.75	0	0.0	0.0	0.0	0.0	0.05	0.0	1	1953	-50.3	762.7	0.06	0.0	1
10.85	0	0.0	0.0	0.0	0.0	0.05	0.0	1	1953	-50.3	762.7	0.07	0.0	1
10.95	0	0.0	0.0	0.0	0.0	0.05	0.0	1	1953	-50.3	762.7	0.07	0.0	1
11.05	0	0.0	0.0	0.0	0.0	0.05	0.0	1	1953	-50.3	762.7	0.07	0.0	1
11.15	0	0.0	0.0	0.0	0.0	0.05	0.0	1	1953	-50.3	762.7	0.07	0.0	1
11.25	0	0.0	0.0	0.0	0.0	0.05	0.0	1	1953	-50.3	762.7	0.07	0.0	1
11.35	0	0.0	0.0	0.0	0.0	0.05	0.0	1	1953	-50.3	762.7	0.07	0.0	1
11.45	0	0.0	0.0	0.0	0.0	0.05	0.0	1	1953	-50.3	762.7	0.07	0.0	1
11.55	0	0.0	0.0	0.0	0.0	0.05	0.0	1	1953	-50.3	762.7	0.07	0.0	1
11.65	0	0.0	0.0	0.0	0.0	0.05	0.0	1	1953	-50.3	762.7	0.07	0.0	1
11.75	0	0.0	0.0	0.0	0.0	0.05	0.0	1	1953	-50.3	762.7	0.07	0.0	1
11.85	0	0.0	0.0	0.0	0.0	0.05	0.0	1	1953	-50.3	762.7	0.07	0.0	1
11.95	0	0.0	0.0	0.0	0.0	0.05	0.0	1	1953	-50.3	762.7	0.07	0.0	1
12.05	0	0.0	0.0	0.0	0.0	0.05	0.0	1	1953	-50.3	762.7	0.07	0.0	1
12.15	0	0.0	0.0	0.0	0.0	0.05	0.0	1	1953	-50.3	762.7	0.07	0.0	1
12.25	0	0.0	0.0	0.0	0.0	0.05	0.0	1	1953	-50.3	762.7	0.07	0.0	1
12.35	0	0.0	0.0	0.0	0.0	0.05	0.0	1	1953	-50.3	762.7	0.07	0.0	1
12.45	0	0.0	0.0	0.0	0.0	0.05	0.0	1	1953	-50.3	762.7	0.07	0.0	1
12.55	0	0.0	0.0	0.0	0.0	0.05	0.0	1	1953	-50.3	762.7	0.08	0.0	1
12.65	0	0.0	0.0	0.0	0.0	0.05	0.0	1	1953	-50.3	762.7	0.08	0.0	1
12.75	0	0.0	0.0	0.0	0.0	0.05	0.0	1	1953	-50.3	762.7	0.08	0.0	1
12.85	0	0.0	0.0	0.0	0.0	0.05	0.0	1	1953	-50.3	762.7	0.08	0.0	1
12.95	0	0.0	0.0	0.0	0.0	0.05	0.0	1	1953	-50.3	762.7	0.08	0.0	1
13.05	0	0.0	0.0	0.0	0.0	0.05	0.0	1	1953	-50.3	762.7	0.08	0.0	1
13.15	0	0.0	0.0	0.0	0.0	0.05	0.0	1	1953	-50.3	762.7	0.08	0.0	1
13.25	0	0.0	0.0	0.0	0.0	0.05	0.0	1	1953	-50.3	762.7	0.08	0.0	1
13.35	0	0.0	0.0	0.0	0.0	0.05	0.0	1	1953	-50.3	762.7	0.08	0.0	1
13.45	0	0.0	0.0	0.0	0.0	0.05	0.0	1	1953	-50.3	762.7	0.08	0.0	1
13.55	0	0.0	0.0	0.0	0.0	0.05	0.0	1	1953	-50.3	762.7	0.08	0.0	1
13.65	0	0.0	0.0	0.0	0.0	0.05	0.0	1	1953	-50.3	762.7	0.08	0.0	1
13.75	0	0.0	0.0	0.0	0.0	0.05	0.0	1	1953	-50.3	762.7	0.08	0.0	1
13.85	0	0.0	0.0	0.0	0.0	0.05	0.0	1	1953	-50.3	762.7	0.08	0.0	1
13.95	0	0.0	0.0	0.0	0.0	0.05	0.0	1	1953	-50.3	762.7	0.08	0.0	1
14.05	0	0.0	0.0	0.0	0.0	0.05	0.0	1	1953	-50.3	762.7	0.08	0.0	1
14.15	0	0.0	0.0	0.0	0.0	0.05	0.0	1	1953	-50.3	762.7	0.08	0.0	1
14.25	0	0.0	0.0	0.0	0.0	0.05	0.0	1	1953	-50.3	762.7	0.09	0.0	1
14.35	0	0.0	0.0	0.0	0.0	0.05	0.0	1	1953	-50.3	762.7	0.09	0.0	1
14.45	0	0.0	0.0	0.0	0.0	0.05	0.0	1	1953	-50.3	762.7	0.09	0.0	1
14.55	0	0.0	0.0	0.0	0.0	0.05	0.0	1	1953	-50.3	762.7	0.09	0.0	1
14.65	0	0.0	0.0	0.0	0.0	0.05	0.0	1	1953	-50.3	762.7	0.09	0.0	1
14.75	0	0.0	0.0	0.0	0.0	0.05	0.0	1	1953	-50.3	762.7	0.09	0.0	1
14.85	0	0.0	0.0	0.0	0.0	0.05	0.0	1	1953	-50.3	762.7	0.09	0.0	1
14.95	0	0.0	0.0	0.0	0.0	0.05	0.0	1	1953	-50.3	762.7	0.09	0.0	1
15.05	0	0.0	0.0	0.0	0.0	0.05	0.0	1	1953	-50.3	762.8	0.09	0.0	1
15.15	0	0.0	0.0	0.0	0.0	0.05	0.0	1	1953	-50.3	762.8	0.09	0.0	1
15.25	0	0.0	0.0	0.0	0.0	0.05	0.0	1	1953	-50.3	762.8	0.09	0.0	1
15.35	0	0.0	0.0	0.0	0.0	0.05	0.0	1	1953	-50.3	762.8	0.09	0.0	1
15.45	0	0.0	0.0	0.0	0.0	0.05	0.0	1	1953	-50.3	762.8	0.09	0.0	1
15.55	0	0.0	0.0	0.0	0.0	0.05	0.0	1	1953	-50.3	762.8	0.09	0.0	1
15.65	0	0.0	0.0	0.0	0.0	0.05	0.0	1	1953	-50.3	762.8	0.09	0.0	1
15.77	0	0.0	0.0	0.0	0.0	0.05	0.0	1	1953	-50.3	762.8	0.09	0.0	1
15.87	0	0.0	0.0	0.0	0.0	0.05	0.0	1	1953	-50.3	762.8	0.09	0.0	1
15.97	0	0.0	0.0	0.0	0.0	0.05	0.0	1	1953	-50.3	762.8	0.1	0.0	1
16.07	0	0.0	0.0	0.0	0.0	0.05	0.0	1	1953	-50.3	762.8	0.1	0.0	1
16.17	0	0.0	0.0	0.0	0.0	0.05	0.0	1	1953	-50.3	762.8	0.1	0.0	1
16.27	0	0.0	0.0	0.0	0.0	0.05	0.0	1	1953	-50.3	762.8	0.1	0.0	1
16.37	0	0.0	0.0	0.0	0.0	0.05	0.0	1	1953	-50.3	762.8	0.1	0.0	1
16.47	0	0.0	0.0	0.0	0.0	0.05	0.0	1	1953	-50.3	762.8	0.1	0.0	1
16.57	0	0.0	0.0	0.0	0.0	0.05	0.0	1	1953	-50.3	762.8	0.1	0.0	1
16.67	0	0.0	0.0	0.0	0.0	0.05	0.0	1	1953	-50.3	762.8	0.1	0.0	1
16.8	0	0.0	0.0	0.0	0.0	0.05	0.0	1	1953	-50.3	762.8	0.1	0.0	1
16.9	0	0.0	0.0	0.0	0.0	0.05	0.0	1	1953	-50.3	762.8	0.1	0.0	1
17.0	0	0.0	0.0	0.0	0.0	0.05	0.0	1	1953	-50.3	762.8	0.1	0.0	1
17.1	0	0.0	0.0	0.0	0.0	0.05	0.0	1	1953	-50.3	762.8	0.1	0.0	1
17.2	0	0.0	0.0	0.0	0.0	0.05	0.0	1	1953	-50.3	762.8	0.1	0.0	1
17.3	0	0.0	0.0	0.0	0.0	0.05	0.0	1	1953	-50.3	762.8	0.1	0.0	1
17.4	0	0.0	0.0	0.0	0.0	0.05	0.0	1	1953	-50.3	762.8	0.1	0.0	1
17.5	0	0.0	0.0	0.0	0.0	0.05	0.0	1	1953	-50.3	762.8	0.1	0.0	1
17.6	0	0.0	0.0	0.0	0.0	0.05	0.0	1	1953	-50.3	762.8	0.1	0.0	1
17.7	0	0.0	0.0	0.0	0.0	0.05	0.0	1	1953	-50.3	762.8	0.11	0.0	1
17.8	0	0.0	0.0	0.0	0.0	0.05	0.0	1	1953	-50.3	762.8	0.11	0.0	1
17.9	0	0.0	0.0	0.0	0.0	0.05	0.0	1	1953	-50.3	762.8	0.11	0.0	1
18.0	0	0.0	0.0	0.0	0.0	0.05	0.0	1	1953	-50.3	762.8	0.11	0.0	1
18.1	0	0.0	0.0	0.0	0.0	0.05	0.0	1	1953	-50.3	762.8	0.11	0.0	1
18.2	0	0.0	0.0	0.0	0.0	0.05	0.0	1	1953	-50.3	762.8	0.11	0.0	1
18.32	0	0.0	0.0	0.0	0.0	0.05	0.0	1	1953	-50.3	762.8	0.11	0.0	1
18.42	0	0.0	0.0	0.0	0.0	0.05	0.0	1	1953	-50.3	762.8	0.11	0.0	1
18.52	0	0.0	0.0	0.0	0.0	0.05	0.0	1	1953	-50.3	762.8	0.11	0.0	1
18.62	0	0.0	0.0	0.0	0.0	0.05	0.0	1	1953	-50.3	762.8	0.11	0.0	1
18.72	0	0.0	0.0	0.0	0.0	0.05	0.0	1	1953	-50.3	762.8	0.11	0.0	1
18.82	0	0.0	0.0	0.0	0.0	0.05	0.0	1	1953	-50.3	762.8	0.11	0.0	1
18.92	0	0.0	0.0	0.0	0.0	0.05	0.0	1	1953	-50.3	762.8	0.11	0.0	1
19.02	0	0.0	0.0	0.0	0.0	0.05	0.0	1	1953	-50.3	762.8	0.11	0.0	1
19.12	0	0.0	0.0	0.0	0.0	0.05	0.0	1	1953	-50.3	762.8	0.11	0.0	1
19.22	0	0.0	0.0	0.0	0.0	0.05	0.0	1	1953	-50.3	762.8	0.11	0.0	1
19.32	0	0.0	0.0	0.0	0.0	0.05	0.0	1	1953	-50.3	762.8	0.12	0.0	1
19.42	0	0.0	0.0	0.0	0.0	0.05	0.0	1	1953	-50.3	762.8	0.12	0.0	1
19.52	0	0.0	0.0	0.0	0.0	0.05	0.0	1	1953	-50.3	762.8	0.12	0.0	1
19.62	0	0.0	0.0	0.0	0.0	0.05	0.0	1	1953	-50.3	762.8	0.12	0.0	1
19.72	0	0.0	0.0	0.0	0.0	0.05	0.0	1	1953	-50.3	762.8	0.12	0.0	1
19.82	0	0.0	0.0	0.0	0.0	0.05	0.0	1	1953	-50.3	762.8	0.12	0.0	1
19.92	0	0.0	0.0	0.0	0.0	0.05	0.0	1	1953	-50.3	762.8	0.12	0.0	1
20.02	0	0.0	0.0	0.0	0.0	0.05	0.0	1	1953	-50.3	762.8	0.12	0.0	1
20.12	0	0.0	0.0	0.0	0.0	0.05	0.0	1	1953	-50.3	762.8	0.12	0.0	1
20.22	0	0.0	0.0	0.0	0.0	0.05	0.0	1	1953	-50.3	762.8	0.12	0.0	1
20.32	0	0.0	0.0	0.0	0.0	0.05	0.0	1	1953	-50.3	762.8	0.12	0.0	1
20.42	0	0.0	0.0	0.0	0.0	0.05	0.0	1	1953	-50.3	762.8	0.12	0.0	1
20.52	0	0.0	0.0	0.0	0.0	0.05	0.0	1	1953	-50.3	762.8	0.12	0.0	1
20.62	0	0.0	0.0	0.0	0.0	0.05	0.0	1	1953	-50.3	762.8	0.12	0.0	1
20.72	0	0.0	0.0	0.0	0.0	0.05	0.0	1	1953	-50.3	762.8	0.12	0.0	1
20.83	0	0.0	0.0	0.0	0.0	0.05	0.0	1	1953	-50.3	762.8	0.12	0.0	1
20.93	0	0.0	0.0	0.0	0.0	0.05	0.0	1	1953	-50.3	762.8	0.12	0.0	1
21.03	0	0.0	0.0	0.0	0.0	0.05	0.0	1	1953	-50.3	762.8	0.13	0.0	1
21.13	0	0.0	0.0	0.0	0.0	0.05	0.0	1	1953	-50.3	762.8	0.13	0.0	1
21.23	0	0.0	0.0	0.0	0.0	0.05	0.0	1	1953	-50.3	762.8	0.13	0.0	1
21.33	0	0.0	0.0	0.0	0.0	0.05	0.0	1	1953	-50.3	762.8	0.13	0.0	1
21.43	0	0.0	0.0	0.0	0.0	0.05	0.0	1	1953	-50.3	762.8	0.13	0.0	1
21.53	0	0.0	0.0	0.0	0.0	0.05	0.0	1	1953	-50.3	762.8	0.13	0.0	1
21.63	0	0.0	0.0	0.0	0.0	0.05	0.0	1	1953	-50.3	762.8	0.13	0.0	1
21.73	0	0.0	0.0	0.0	0.0	0.05	0.0	1	1953	-50.3	762.8	0.13	0.0	1
21.83	0	0.0	0.0	0.0	0.0	0.05	0.0	1	1953	-50.3	762.8	0.13	0.0	1
21.93	0	0.0	0.0	0.0	0.0	0.05	0.0	1	1953	-50.3	762.8	0.13	0.0	1
22.03	0	0.0	0.0	0.0	0.0	0.05	0.0	1	1953	-50.3	762.8	0.13	0.0	1
22.13	0	0.0	0.0	0.0	0.0	0.05	0.0	1	1953	-50.3	762.8	0.13	0.0	1
22.23	0	0.0	0.0	0.0	0.0	0.05	0.0	1	1953	-50.3	762.8	0.13	0.0	1
22.33	0	0.0	0.0	0.0	0.0	0.05	0.0	1	1953	-50.3	762.8	0.13	0.0	1
22.43	0	0.0	0.0	0.0	0.0	0.05	0.0	1	1953	-50.3	762.8	0.13	0.0	1
22.53	0	0.0	0.0	0.0	0.0	0.05	0.0	1	1953	-50.3	762.8	0.13	0.0	1
22.63	0	0.0	0.0	0.0	0.0	0.05	0.0	1	1953	-50.3	762.8	0.13	0.0	1
22.73	0	0.0	0.0	0.0	0.0	0.05	0.0	1	1953	-50.3	762.8	0.14	0.0	1
22.83	0	0.0	0.0	0.0	0.0	0.05	0.0	1	1953	-50.3	762.8	0.14	0.0	1
22.93	0	0.0	0.0	0.0	0.0	0.05	0.0	1	1953	-50.3	762.8	0.14	0.0	1
23.03	0	0.0	0.0	0.0	0.0	0.05	0.0	1	1953	-50.3	762.8	0.14	0.0	1
23.13	0	0.0	0.0	0.0	0.0	0.05	0.0	1	1953	-50.3	762.8	0.14	0.0	1
23.23	0	0.0	0.0	0.0	0.0	0.05	0.0	1	1953	-50.3	762.8	0.14	0.0	1
23.33	0	0.0	0.0	0.0	0.0	0.05	0.0	1	1953	-50.3	762.8	0.14	0.0	1
23.43	0	0.0	0.0	0.0	0.0	0.05	0.0	1	1953	-50.3	762.8	0.14	0.0	1
23.53	0	0.0	0.0	0.0	0.0	0.05	0.0	1	1953	-50.3	762.8	0.14	0.0	1
23.63	0	0.0	0.0	0.0	0.0	0.05	0.0	1	1953	-50.3	762.8	0.14	0.0	1
23.73	0	0.0	0.0	0.0	0.0	0.05	0.0	1	1953	-50.3	762.8	0.14	0.0	1
23.83	0	0.0	0.0	0.0	0.0	0.05	0.0	1	1953	-50.3	762.8	0.14	0.0	1
23.93	0	0.0	0.0	0.0	0.0	0.05	0.0	1	1953	-50.3	762.8	0.14	0.0	1
24.03	0	0.0	0.0	0.0	0.0	0.05	0.0	1	1953	-50.3	762.8	0.14	0.0	1
24.13	0	0.0	0.0	0.0	0.0	0.05	0.0	1	1953	-50.3	762.8	0.14	0.0	1
24.23	0	0.0	0.0	0.0	0.0	0.05	0.0	1	1953	-50.3	762.8	0.14	0.0	1
24.33	0	0.0	0.0	0.0	0.0	0.05	0.0	1	1953	-50.3	762.8	0.14	0.0	1
24.43	0	0.0	0.0	0.0	0.0	0.05	0.0	1	1953	-50.3	762.8	0.14	0.0	1
24.53	0	0.0	0.0	0.0	0.0	0.05	0.0	1	1953	-50.3	762.8	0.15	0.0	1
24.63	0	0.0	0.0	0.0	0.0	0.05	0.0	1	1953	-50.3	762.8	0.15	0.0	1
24.73	0	0.0	0.0	0.0	0.0	0.05	0.0	1	1953	-50.3	762.8	0.15	0.0	1
24.83	0	0.0	0.0	0.0	0.0	0.05	0.0	1	1953	-50.3	762.8	0.15	0.0	1
24.93	0	0.0	0.0	0.0	0.0	0.05	0.0	1	1953	-50.3	762.8	0.15	0.0	1
25.03	0	0.0	0.0	0.0	0.0	0.05	0.0	1	1953	-50.3	762.8	0.15	0.0	1
25.13	0	0.0	0.0	0.0	0.0	0.05	0.0	1	1953	-50.3	762.8	0.15	0.0	1
25.23	0	0.0	0.0	0.0	0.0	0.05	0.0	1	1953	-50.3	762.8	0.15	0.0	1
25.33	0	0.0	0.0	0.0	0.0	0.05	0.0	1	1953	-50.3	762.8	0.15	0.0	1
25.43	0	0.0	0.0	0.0	0.0	0.05	0.0	1	1953	-50.3	762.8	0.15	0.0	1
25.53	0	0.0	0.0	0.0	0.0	0.05	0.0	1	1953	-50.3	762.8	0.15	0.0	1
25.63	0	0.0	0.0	0.0	0.0	0.05	0.0	1	1953	-50.3	762.8	0.15	0.0	1
25.73	0	0.0	0.0	0.0	0.0	0.05	0.0	1	1953	-50.3	762.8	0.15	0.0	1
25.83	0	0.0	0.0	0.0	0.0	0.05	0.0	1	1953	-50.3	762.8	0.15	0.0	1
25.93	0	0.0	0.0	0.0	0.0	0.05	0.0	1	1953	-50.3	762.8	0.15	0.0	1
26.03	0	0.0	0.0	0.0	0.0	0.05	0.0	1	1953	-50.3	762.8	0.15	0.0	1
26.13	0	0.0	0.0	0.0	0.0	0.05	0.0	1	1953	-50.3	762.8	0.15	0.0	1
26.23	0	0.0	0.0	0.0	0.0	0.05	0.0	1	1953	-50.3	762.8	0.16	0.0	1
26.33	0	0.0	0.0	0.0	0.0	0.05	0.0	1	1953	-50.3	762.8	0.16	0.0	1
26.43	0	0.0	0.0	0.0	0.0	0.05	0.0	1	1953	-50.3	762.8	0.16	0.0	1
26.53	0	0.0	0.0	0.0	0.0	0.05	0.0	1	1953	-50.3	762.8	0.16	0.0	1
26.66	0	0.0	0.0	0.0	0.0	0.05	0.0	1	1953	-50.3	762.8	0.16	0.0	1
26.76	0	0.0	0.0	0.0	0.0	0.05	0.0	1	1953	-50.3	762.8	0.16	0.0	1
26.88	0	0.0	0.0	0.0	0.0	0.05	0.0	1	1953	-50.3	762.8	0.16	0.0	1
26.98	0	0.0	0.0	0.0	0.0	0.05	0.0	1	1953	-50.3	762.8	0.16	0.0	1
27.08	0	0.0	0.0	0.0	0.0	0.05	0.0	1	1953	-50.3	762.8	0.16	0.0	1
27.18	0	0.0	0.0	0.0	0.0	0.05	0.0	1	1953	-50.3	762.8	0.16	0.0	1
27.28	0	0.0	0.0	0.0	0.0	0.05	0.0	1	1953	-50.3	762.8	0.16	0.0	1
27.38	0	0.0	0.0	0.0	0.0	0.05	0.0	1	1953	-50.3	762.8	0.16	0.0	1
27.48	0	0.0	0.0	0.0	0.0	0.05	0.0	1	1953	-50.3	762.8	0.16	0.0	1
27.58	0	0.0	0.0	0.0	0.0	0.05	0.0	1	1953	-50.3	762.8	0.16	0.0	1
27.68	0	0.0	0.0	0.0	0.0	0.05	0.0	1	1953	-50.3	762.8	0.16	0.0	1
27.78	0	0.0	0.0	0.0	0.0	0.05	0.0	1	1953	-50.3	762.8	0.16	0.0	1
27.88	0	0.0	0.0	0.0	0.0	0.05	0.0	1	1953	-50.3	762.8	0.17	0.0	1
27.98	0	0.0	0.0	0.0	0.0	0.05	0.0	1	1953	-50.3	762.8	0.17	0.0	1
28.08	0	0.0	0.0	0.0	0.0	0.05	0.0	1	1953	-50.3	762.8	0.17	0.0	1
28.18	0	0.0	0.0	0.0	0.0	0.05	0.0	1	1953	-50.3	762.8	0.17	0.0	1
28.28	0	0.0	0.0	0.0	0.0	0.05	0.0	1	1953	-50.3	762.8	0.17	0.0	1
28.38	0	0.0	0.0	0.0	0.0	0.05	0.0	1	1953	-50.3	762.8	0.17	0.0	1
28.48	0	0.0	0.0	0.0	0.0	0.05	0.0	1	1953	-50.3	762.8	0.17	0.0	1
28.58	0	0.0	0.0	0.0	0.0	0.05	0.0	1	1953	-50.3	762.8	0.17	0.0	1
28.68	0	0.0	0.0	0.0	0.0	0.05	0.0	1	1953	-50.3	762.8	0.17	0.0	1
28.78	0	0.0	0.0	0.0	0.0	0.05	0.0	1	1953	-50.3	762.8	0.17	0.0	1
28.88	0	0.0	0.0	0.0	0.0	0.05	0.0	1	1953	-50.3	762.8	0.17	0.0	1
28.98	0	0.0	0.0	0.0	0.0	0.05	0.0	1	1953	-50.3	762.8	0.17	0.0	1
29.08	0	0.0	0.0	0.0	0.0	0.05	0.0	1	1953	-50.3	762.8	0.17	0.0	1
29.18	0	0.0	0.0	0.0	0.0	0.05	0.0	1	1953	-50.3	762.8	0.17	0.0	1
29.28	0	0.0	0.0	0.0	0.0	0.05	0.0	1	1953	-50.3	762.8	0.17	0.0	1
29.38	0	0.0	0.0	0.0	0.0	0.05	0.0	1	1953	-50.3	762.8	0.17	0.0	1
29.48	0	0.0	0.0	0.0	0.0	0.05	0.0	1	1953	-50.3	762.8	0.17	0.0	1
29.58	0	0.0	0.0	0.0	0.0	0.05	0.0	1	1953	-50.3	762.8	0.17	0.0	1
29.68	0	0.0	0.0	0.0	0.0	0.05	0.0	1	1953	-50.3	762.8	0.18	0.0	1
29.78	0	0.0	0.0	0.0	0.0	0.05	0.0	1	1953	-50.3	762.8	0.18	0.0	1
29.88	0	0.0	0.0	0.0	0.0	0.05	0.0	1	1953	-50.3	762.8	0.18	0.0	1
29.98	0	0.0	0.0	0.0	0.0	0.05	0.0	1	1953	-50.3	762.8	0.18	0.0	1
30.08	0	0.0	0.0	0.0	0.0	0.05	0.0	1	1953	-50.3	762.8	0.18	0.0	1
30.18	0	0.0	0.0	0.0	0.0	0.05	0.0	1	1953	-50.3	762.8	0.18	0.0	1
30.28	0	0.0	0.0	0.0	0.0	0.05	0.0	1	1953	-50.3	762.8	0.18	0.0	1
30.38	0	0.0	0.0	0.0	0.0	0.05	0.0	1	1953	-50.3	762.8	0.18	0.0	1
30.48	0	0.0	0.0	0.0	0.0	0.05	0.0	1	1953	-50.3	762.8	0.18	0.0	1
30.58	0	0.0	0.0	0.0	0.0	0.05	0.0	1	1953	-50.3	762.8	0.18	0.0	1
30.68	0	0.0	0.0	0.0	0.0	0.05	0.0	1	1953	-50.3	762.8	0.18	0.0	1
30.78	0	0.0	0.0	0.0	0.0	0.05	0.0	1	1953	-50.3	762.8	0.18	0.0	1
30.88	0	0.0	0.0	0.0	0.0	0.05	0.0	1	1953	-50.3	762.8	0.18	0.0	1
30.98	0	0.0	0.0	0.0	0.0	0.05	0.0	1	1953	-50.3	762.8	0.18	0.0	1
31.08	0	0.0	0.0	0.0	0.0	0.05	0.0	1	1953	-50.3	762.8	0.18	0.0	1
31.18	0	0.0	0.0	0.0	0.0	0.05	0.0	1	1953	-50.3	762.8	0.18	0.0	1
31.28	0	0.0	0.0	0.0	0.0	0.05	0.0	1	1953	-50.3	762.9	0.18	0.0	1
31.38	0	0.0	0.0	0.0	0.0	0.05	0.0	1	1953	-50.3	762.9	0.19	0.0	1
31.48	0	0.0	0.0	0.0	0.0	0.05	0.0	1	1953	-50.3	762.9	0.19	0.0	1
31.58	0	0.0	0.0	0.0	0.0	0.05	0.0	1	1953	-50.3	762.9	0.19	0.0	1
31.68	0	0.0	0.0	0.0	0.0	0.05	0.0	1	1953	-50.3	762.9	0.19	0.0	1
31.78	0	0.0	0.0	0.0	0.0	0.05	0.0	1	1953	-50.3	762.9	0.19	0.0	1
31.88	0	0.0	0.0	0.0	0.0	0.05	0.0	1	1953	-50.3	762.9	0.19	0.0	1
31.98	0	0.0	0.0	0.0	0.0	0.05	0.0	1	1953	-50.3	762.9	0.19	0.0	1
32.08	0	0.0	0.0	0.0	0.0	0.05	0.0	1	1953	-50.3	762.9	0.19	0.0	1
32.18	0	0.0	0.0	0.0	0.0	0.05	0.0	1	1953	-50.3	762.9	0.19	0.0	1
32.28	0	0.0	0.0	0.0	0.0	0.05	0.0	1	1953	-50.3	762.9	0.19	0.0	1
32.38	0	0.0	0.0	0.0	0.0	0.05	0.0	1	1953	-50.3	762.9	0.19	0.0	1
32.48	0	0.0	0.0	0.0	0.0	0.05	0.0	1	1953	-50.3	762.9	0.19	0.0	1
32.58	0	0.0	0.0	0.0	0.0	0.05	0.0	1	1953	-50.3	762.9	0.19	0.0	1
32.68	0	0.0	0.0	0.0	0.0	0.05	0.0	1	1953	-50.3	762.9	0.19	0.0	1
32.78	0	0.0	0.0	0.0	0.0	0.05	0.0	1	1953	-50.3	762.9	0.19	0.0	1
32.88	0	0.0	0.0	0.0	0.0	0.05	0.0	1	1953	-50.3	762.9	0.19	0.0	1
32.98	0	0.0	0.0	0.0	0.0	0.05	0.0	1	1953	-50.3	762.9	0.19	0.0	1
33.08	0	0.0	0.0	0.0	0.0	0.05	0.0	1	1953	-50.3	762.9	0.2	0.0	1
33.18	0	0.0	0.0	0.0	0.0	0.05	0.0	1	1953	-50.3	762.9	0.2	0.0	1
33.28	0	0.0	0.0	0.0	0.0	0.05	0.0	1	1953	-50.3	762.9	0.2	0.0	1
33.38	0	0.0	0.0	0.0	0.0	0.05	0.0	1	1953	-50.3	762.9	0.2	0.0	1
33.48	0	0.0	0.0	0.0	0.0	0.05	0.0	1	1953	-50.3	762.9	0.2	0.0	1
33.58	0	0.0	0.0	0.0	0.0	0.05	0.0	1	1953	-50.3	762.9	0.2	0.0	1
33.68	0	0.0	0.0	0.0	0.0	0.05	0.0	1	1953	-50.3	762.9	0.2	0.0	1
33.78	0	0.0	0.0	0.0	0.0	0.05	0.0	1	1953	-50.3	762.9	0.2	0.0	1
33.88	0	0.0	0.0	0.0	0.0	0.05	0.0	1	1953	-50.3	762.9	0.2	0.0	1
33.99	0	0.0	0.0	0.0	0.0	0.05	0.0	1	1953	-50.3	762.9	0.2	0.0	1
34.09	0	0.0	0.0	0.0	0.0	0.05	0.0	1	1953	-50.3	762.9	0.2	0.0	1
34.19	0	0.0	0.0	0.0	0.0	0.05	0.0	1	1953	-50.3	762.9	0.2	0.0	1
34.29	0	0.0	0.0	0.0	0.0	0.05	0.0	1	1953	-50.3	762.9	0.2	0.0	1
34.39	0	0.0	0.0	0.0	0.0	0.05	0.0	1	1953	-50.3	762.9	0.2	0.0	1
34.49	0	0.0	0.0	0.0	0.0	0.05	0.0	1	1953	-50.3	762.9	0.2	0.0	1
34.59	0	0.0	0.0	0.0	0.0	0.05	0.0	1	1953	-50.3	762.9	0.2	0.0	1
34.69	0	0.0	0.0	0.0	0.0	0.05	0.0	1	1953	-50.3	762.9	0.2	0.0	1
34.79	0	0.0	0.0	0.0	0.0	0.05	0.0	1	1953	-50.3	762.9	0.2	0.0	1
34.89	0	0.0	0.0	0.0	0.0	0.05	0.0	1	1953	-50.3	762.9	0.21	0.0	1
34.99	0	0.0	0.0	0.0	0.0	0.05	0.0	1	1953	-50.3	762.9	0.21	0.0	1
35.09	0	0.0	0.0	0.0	0.0	0.05	0.0	1	1953	-50.3	762.9	0.21	0.0	1
35.19	0	0.0	0.0	0.0	0.0	0.05	0.0	1	1953	-50.3	762.9	0.21	0.0	1
35.29	0	0.0	0.0	0.0	0.0	0.05	0.0	1	1953	-50.3	762.9	0.21	0.0	1
35.39	0	0.0	0.0	0.0	0.0	0.05	0.0	1	1953	-50.3	762.9	0.21	0.0	1
35.49	0	0.0	0.0	0.0	0.0	0.05	0.0	1	1953	-50.3	762.9	0.21	0.0	1
35.59	0	0.0	0.0	0.0	0.0	0.05	0.0	1	1953	-50.3	762.9	0.21	0.0	1
35.69	0	0.0	0.0	0.0	0.0	0.05	0.0	1	1953	-50.3	762.9	0.21	0.0	1
35.79	0	0.0	0.0	0.0	0.0	0.05	0.0	1	1953	-50.3	762.9	0.21	0.0	1
35.89	0	0.0	0.0	0.0	0.0	0.05	0.0	1	1953	-50.3	762.9	0.21	0.0	1
35.99	0	0.0	0.0	0.0	0.0	0.05	0.0	1	1953	-50.3	762.9	0.21	0.0	1
36.09	0	0.0	0.0	0.0	0.0	0.05	0.0	1	1953	-50.3	762.9	0.21	0.0	1
36.19	0	0.0	0.0	0.0	0.0	0.05	0.0	1	1953	-50.3	762.9	0.21	0.0	1
36.29	0	0.0	0.0	0.0	0.0	0.05	0.0	1	1953	-50.3	762.9	0.21	0.0	1
36.39	0	0.0	0.0	0.0	0.0	0.05	0.0	1	1953	-50.3	762.9	0.21	0.0	1
36.49	0	0.0	0.0	0.0	0.0	0.05	0.0	1	1953	-50.3	762.9	0.21	0.0	1
36.62	0	0.0	0.0	0.0	0.0	0.05	0.0	1	1953	-50.3	762.9	0.22	0.0	1
36.72	0	0.0	0.0	0.0	0.0	0.05	0.0	1	1953	-50.3	762.9	0.22	0.0	1
36.82	0	0.0	0.0	0.0	0.0	0.05	0.0	1	1953	-50.3	762.9	0.22	0.0	1
36.92	0	0.0	0.0	0.0	0.0	0.05	0.0	1	1953	-50.3	762.9	0.22	0.0	1
37.02	0	0.0	0.0	0.0	0.0	0.05	0.0	1	1953	-50.3	762.9	0.22	0.0	1
37.12	0	0.0	0.0	0.0	0.0	0.05	0.0	1	1953	-50.3	762.9	0.22	0.0	1
37.22	0	0.0	0.0	0.0	0.0	0.05	0.0	1	1953	-50.3	762.9	0.22	0.0	1
37.32	0	0.0	0.0	0.0	0.0	0.05	0.0	1	1953	-50.3	762.9	0.22	0.0	1
37.42	0	0.0	0.0	0.0	0.0	0.05	0.0	1	1953	-50.3	762.9	0.22	0.0	1
37.52	0	0.0	0.0	0.0	0.0	0.05	0.0	1	1953	-50.3	762.9	0.22	0.0	1
37.62	0	0.0	0.0	0.0	0.0	0.05	0.0	1	1953	-50.3	762.9	0.22	0.0	1
37.72	0	0.0	0.0	0.0	0.0	0.05	0.0	1	1953	-50.3	762.9	0.22	0.0	1
37.82	0	0.0	0.0	0.0	0.0	0.05	0.0	1	1953	-50.3	762.9	0.22	0.0	1
37.92	0	0.0	0.0	0.0	0.0	0.05	0.0	1	1953	-50.3	762.9	0.22	0.0	1
38.02	0	0.0	0.0	0.0	0.0	0.05	0.0	1	1953	-50.3	762.9	0.22	0.0	1
38.12	0	0.0	0.0	0.0	0.0	0.05	0.0	1	1953	-50.3	762.9	0.22	0.0	1
38.22	0	0.0	0.0	0.0	0.0	0.05	0.0	1	1953	-50.3	762.9	0.22	0.0	1
38.32	0	0.0	0.0	0.0	0.0	0.05	0.0	1	1953	-50.3	762.9	0.22	0.0	1
38.42	0	0.0	0.0	0.0	0.0	0.05	0.0	1	1953	-50.3	762.9	0.23	0.0	1
38.52	0	0.0	0.0	0.0	0.0	0.05	0.0	1	1953	-50.3	762.9	0.23	0.0	1
38.62	0	0.0	0.0	0.0	0.0	0.05	0.0	1	1953	-50.3	762.9	0.23	0.0	1
38.72	0	0.0	0.0	0.0	0.0	0.05	0.0	1	1953	-50.3	762.9	0.23	0.0	1
38.82	0	0.0	0.0	0.0	0.0	0.05	0.0	1	1953	-50.3	762.9	0.23	0.0	1
38.92	0	0.0	0.0	0.0	0.0	0.05	0.0	1	1953	-50.3	762.9	0.23	0.0	1
39.02	0	0.0	0.0	0.0	0.0	0.05	0.0	1	1953	-50.3	762.9	0.23	0.0	1
39.12	0	0.0	0.0	0.0	0.0	0.05	0.0	1	1953	-50.3	762.9	0.23	0.0	1
39.22	0	0.0	0.0	0.0	0.0	0.05	0.0	1	1953	-50.3	762.9	0.23	0.0	1
39.32	0	0.0	0.0	0.0	0.0	0.05	0.0	1	1953	-50.3	762.9	0.23	0.0	1
39.42	0	0.0	0.0	0.0	0.0	0.05	0.0	1	1953	-50.3	762.9	0.23	0.0	1
39.52	0	0.0	0.0	0.0	0.0	0.05	0.0	1	1953	-50.3	762.9	0.23	0.0	1
39.62	0	0.0	0.0	0.0	0.0	0.05	0.0	1	1953	-50.3	762.9	0.23	0.0	1
39.72	0	0.0	0.0	0.0	0.0	0.05	0.0	1	1953	-50.3	762.9	0.23	0.0	1
39.82	0	0.0	0.0	0.0	0.0	0.05	0.0	1	1953	-50.3	762.9	0.23	0.0	1
39.92	0	0.0	0.0	0.0	0.0	0.05	0.0	1	1953	-50.3	762.9	0.23	0.0	1
40.02	0	0.0	0.0	0.0	0.0	0.05	0.0	1	1953	-50.3	762.9	0.23	0.0	1
40.12	0	0.0	0.0	0.0	0.0	0.05	0.0	1	1953	-50.3	762.9	0.24	0.0	1
40.22	0	0.0	0.0	0.0	0.0	0.05	0.0	1	1953	-50.3	762.9	0.24	0.0	1
40.32	0	0.0	0.0	0.0	0.0	0.05	0.0	1	1953	-50.3	762.9	0.24	0.0	1
40.42	0	0.0	0.0	0.0	0.0	0.05	0.0	1	1953	-50.3	762.9	0.24	0.0	1
40.52	0	0.0	0.0	0.0	0.0	0.05	0.0	1	1953	-50.3	762.9	0.24	0.0	1
40.62	0	0.0	0.0	0.0	0.0	0.05	0.0	1	1953	-50.3	762.9	0.24	0.0	1
40.72	0	0.0	0.0	0.0	0.0	0.05	0.0	1	1953	-50.3	762.9	0.24	0.0	1
40.82	0	0.0	0.0	0.0	0.0	0.05	0.0	1	1953	-50.3	762.9	0.24	0.0	1
40.92	0	0.0	0.0	0.0	0.0	0.05	0.0	1	1953	-50.3	762.9	0.24	0.0	1
41.02	0	0.0	0.0	0.0	0.0	0.05	0.0	1	1953	-50.3	762.9	0.24	0.0	1
41.12	0	0.0	0.0	0.0	0.0	0.05	0.0	1	1953	-50.3	762.9	0.24	0.0	1
41.22	0	0.0	0.0	0.0	0.0	0.05	0.0	1	1953	-50.3	762.9	0.24	0.0	1
41.32	0	0.0	0.0	0.0	0.0	0.05	0.0	1	1953	-50.3	762.9	0.24	0.0	1
41.42	0	0.0	0.0	0.0	0.0	0.05	0.0	1	1953	-50.3	762.9	0.24	0.0	1
41.52	0	0.0	0.0	0.0	0.0	0.05	0.0	1	1953	-50.3	762.9	0.24	0.0	1
41.62	0	0.0	0.0	0.0	0.0	0.05	0.0	1	1953	-50.3	762.9	0.24	0.0	1
41.72	0	0.0	0.0	0.0	0.0	0.05	0.0	1	1953	-50.3	762.9	0.24	0.0	1
41.82	0	0.0	0.0	0.0	0.0	0.05	0.0	1	1953	-50.3	762.9	0.24	0.0	1
41.92	0	0.0	0.0	0.0	0.0	0.05	0.0	1	1953	-50.3	762.9	0.25	0.0	1
42.02	0	0.0	0.0	0.0	0.0	0.05	0.0	1	1953	-50.3	762.9	0.25	0.0	1
42.12	0	0.0	0.0	0.0	0.0	0.05	0.0	1	1953	-50.3	762.9	0.25	0.0	1
42.22	0	0.0	0.0	0.0	0.0	0.05	0.0	1	1953	-50.3	762.9	0.25	0.0	1
42.32	0	0.0	0.0	0.0	0.0	0.05	0.0	1	1953	-50.3	762.9	0.25	0.0	1
42.42	0	0.0	0.0	0.0	0.0	0.05	0.0	1	1953	-50.3	762.9	0.25	0.0	1
42.52	0	0.0	0.0	0.0	0.0	0.05	0.0	1	1953	-50.3	762.9	0.25	0.0	1
42.62	0	0.0	0.0	0.0	0.0	0.05	0.0	1	1953	-50.3	762.9	0.25	0.0	1
42.72	0	0.0	0.0	0.0	0.0	0.05	0.0	1	1953	-50.3	762.9	0.25	0.0	1
42.82	0	0.0	0.0	0.0	0.0	0.05	0.0	1	1953	-50.3	762.9	0.25	0.0	1
42.92	0	0.0	0.0	0.0	0.0	0.05	0.0	1	1953	-50.3	762.9	0.25	0.0	1
43.02	0	0.0	0.0	0.0	0.0	0.05	0.0	1	1953	-50.3	762.9	0.25	0.0	1
43.12	0	0.0	0.0	0.0	0.0	0.05	0.0	1	1953	-50.3	762.9	0.25	0.0	1
43.22	0	0.0	0.0	0.0	0.0	0.05	0.0	1	1953	-50.3	762.9	0.25	0.0	1
43.32	0	0.0	0.0	0.0	0.0	0.05	0.0	1	1953	-50.3	762.9	0.25	0.0	1
43.42	0	0.0	0.0	0.0	0.0	0.05	0.0	1	1953	-50.3	762.9	0.25	0.0	1
43.52	0	0.0	0.0	0.0	0.0	0.05	0.0	1	1953	-50.3	762.9	0.25	0.0	1
43.62	0	0.0	0.0	0.0	0.0	0.05	0.0	1	1953	-50.3	762.9	0.25	0.0	1
43.72	0	0.0	0.0	0.0	0.0	0.05	0.0	1	1953	-50.3	762.9	0.26	0.0	1
43.82	0	0.0	0.0	0.0	0.0	0.05	0.0	1	1953	-50.3	762.9	0.26	0.0	1
43.92	0	0.0	0.0	0.0	0.0	0.05	0.0	1	1953	-50.3	762.9	0.26	0.0	1
44.02	0	0.0	0.0	0.0	0.0	0.05	0.0	1	1953	-50.3	762.9	0.26	0.0	1
44.12	0	0.0	0.0	0.0	0.0	0.05	0.0	1	1953	-50.3	762.9	0.26	0.0	1
44.22	0	0.0	0.0	0.0	0.0	0.05	0.0	1	1953	-50.3	762.9	0.26	0.0	1
44.32	0	0.0	0.0	0.0	0.0	0.05	0.0	1	1953	-50.3	762.9	0.26	0.0	1
44.42	0	0.0	0.0	0.0	0.0	0.05	0.0	1	1953	-50.3	762.9	0.26	0.0	1
44.52	0	0.0	0.0	0.0	0.0	0.05	0.0	1	1953	-50.3	762.9	0.26	0.0	1
44.62	0	0.0	0.0	0.0	0.0	0.05	0.0	1	1953	-50.3	762.9	0.26	0.0	1
44.72	0	0.0	0.0	0.0	0.0	0.05	0.0	1	1953	-50.3	762.9	0.26	0.0	1
44.82	0	0.0	0.0	0.0	0.0	0.05	0.0	1	1953	-50.3	762.9	0.26	0.0	1
44.92	0	0.0	0.0	0.0	0.0	0.05	0.0	1	1953	-50.3	762.9	0.26	0.0	1
45.02	0	0.0	0.0	0.0	0.0	0.05	0.0	1	1953	-50.3	762.9	0.26	0.0	1
45.12	0	0.0	0.0	0.0	0.0	0.05	0.0	1	1953	-50.3	762.9	0.26	0.0	1
45.22	0	0.0	0.0	0.0	0.0	0.05	0.0	1	1953	-50.3	762.9	0.26	0.0	1
45.32	0	0.0	0.0	0.0	0.0	0.05	0.0	1	1953	-50.3	762.9	0.26	0.0	1
45.42	0	0.0	0.0	0.0	0.0	0.05	0.0	1	1953	-50.3	762.9	0.27	0.0	1
45.52	0	0.0	0.0	0.0	0.0	0.05	0.0	1	1953	-50.3	762.9	0.27	0.0	1
45.62	0	0.0	0.0	0.0	0.0	0.05	0.0	1	1953	-50.3	762.9	0.27	0.0	1
45.72	0	0.0	0.0	0.0	0.0	0.05	0.0	1	1953	-50.3	762.9	0.27	0.0	1
45.82	0	0.0	0.0	0.0	0.0	0.05	0.0	1	1953	-50.3	762.9	0.27	0.0	1
45.92	0	0.0	0.0	0.0	0.0	0.05	0.0	1	1953	-50.3	762.9	0.27	0.0	1
46.02	0	0.0	0.0	0.0	0.0	0.05	0.0	1	1953	-50.3	762.9	0.27	0.0	1
46.12	0	0.0	0.0	0.0	0.0	0.05	0.0	1	1953	-50.3	762.9	0.27	0.0	1
46.25	0	0.0	0.0	0.0	0.0	0.05	0.0	1	1953	-50.3	762.9	0.27	0.0	1
46.34	0	0.0	0.0	0.0	0.0	0.05	0.0	1	1953	-50.3	762.9	0.27	0.0	1
46.44	0	0.0	0.0	0.0	0.0	0.05	0.0	1	1953	-50.3	762.9	0.27	0.0	1
46.57	0	0.0	0.0	0.0	0.0	0.05	0.0	1	1953	-50.3	762.9	0.27	0.0	1
46.68	0	0.0	0.0	0.0	0.0	0.05	0.0	1	1953	-50.3	762.9	0.27	0.0	1
46.78	0	0.0	0.0	0.0	0.0	0.05	0.0	1	1953	-50.3	762.9	0.27	0.0	1
46.88	0	0.0	0.0	0.0	0.0	0.05	0.0	1	1953	-50.3	762.9	0.27	0.0	1
46.98	0	0.0	0.0	0.0	0.0	0.05	0.0	1	1953	-50.3	762.9	0.27	0.0	1
47.08	0	0.0	0.0	0.0	0.0	0.05	0.0	1	1953	-50.3	762.9	0.27	0.0	1
47.18	0	0.0	0.0	0.0	0.0	0.05	0.0	1	1953	-50.3	762.9	0.27	0.0	1
47.28	0	0.0	0.0	0.0	0.0	0.05	0.0	1	1953	-50.3	762.9	0.28	0.0	1
47.38	0	0.0	0.0	0.0	0.0	0.05	0.0	1	1953	-50.3	762.9	0.28	0.0	1
47.48	0	0.0	0.0	0.0	0.0	0.05	0.0	1	1953	-50.3	762.9	0.28	0.0	1
47.58	0	0.0	0.0	0.0	0.0	0.05	0.0	1	1953	-50.3	762.9	0.28	0.0	1
47.68	0	0.0	0.0	0.0	0.0	0.05	0.0	1	1953	-50.3	762.9	0.28	0.0	1
47.78	0	0.0	0.0	0.0	0.0	0.05	0.0	1	1953	-50.3	762.9	0.28	0.0	1
47.88	0	0.0	0.0	0.0	0.0	0.05	0.0	1	1953	-50.3	763.0	0.28	0.0	1
47.98	0	0.0	0.0	0.0	0.0	0.05	0.0	1	1953	-50.3	763.0	0.28	0.0	1
48.08	0	0.0	0.0	0.0	0.0	0.05	0.0	1	1953	-50.3	763.0	0.28	0.0	1
48.18	0	0.0	0.0	0.0	0.0	0.05	0.0	1	1953	-50.3	763.0	0.28	0.0	1
48.28	0	0.0	0.0	0.0	0.0	0.05	0.0	1	1953	-50.3	763.0	0.28	0.0	1
48.37	0	0.0	0.0	0.0	0.0	0.05	0.0	1	1953	-50.3	763.0	0.28	0.0	1
48.47	0	0.0	0.0	0.0	0.0	0.05	0.0	1	1953	-50.3	763.0	0.28	0.0	1
48.57	0	0.0	0.0	0.0	0.0	0.05	0.0	1	1953	-50.3	763.0	0.28	0.0	1
48.67	0	0.0	0.0	0.0	0.0	0.05	0.0	1	1953	-50.3	763.0	0.28	0.0	1
48.77	0	0.0	0.0	0.0	0.0	0.05	0.0	1	1953	-50.3	763.0	0.28	0.0	1
48.88	0	0.0	0.0	0.0	0.0	0.05	0.0	1	1953	-50.3	763.0	0.28	0.0	1
48.97	0	0.0	0.0	0.0	0.0	0.05	0.0	1	1953	-50.3	763.0	0.28	0.0	1
49.07	0	0.0	0.0	0.0	0.0	0.05	0.0	1	1953	-50.3	763.0	0.29	0.0	1
49.17	0	0.0	0.0	0.0	0.0	0.05	0.0	1	1953	-50.3	763.0	0.29	0.0	1
49.27	0	0.0	0.0	0.0	0.0	0.05	0.0	1	1953	-50.3	763.0	0.29	0.0	1
49.38	0	0.0	0.0	0.0	0.0	0.05	0.0	1	1953	-50.3	763.0	0.29	0.0	1
49.48	0	0.0	0.0	0.0	0.0	0.05	0.0	1	1953	-50.3	763.0	0.29	0.0	1
49.57	0	0.0	0.0	0.0	0.0	0.05	0.0	1	1953	-50.3	763.0	0.29	0.0	1
49.68	0	0.0	0.0	0.0	0.0	0.05	0.0	1	1953	-50.3	763.0	0.29	0.0	1
49.78	0	0.0	0.0	0.0	0.0	0.05	0.0	1	1953	-50.3	763.0	0.29	0.0	1
49.87	0	0.0	0.0	0.0	0.0	0.05	0.0	1	1953	-50.3	763.0	0.29	0.0	1
49.97	0	0.0	0.0	0.0	0.0	0.05	0.0	1	1953	-50.3	763.0	0.29	0.0	1
50.08	0	0.0	0.0	0.0	0.0	0.05	0.0	1	1953	-50.3	763.0	0.29	0.0	1
50.18	0	0.0	0.0	0.0	0.0	0.05	0.0	1	1953	-50.3	763.0	0.29	0.0	1
50.28	0	0.0	0.0	0.0	0.0	0.05	0.0	1	1953	-50.3	763.0	0.29	0.0	1
50.37	0	0.0	0.0	0.0	0.0	0.05	0.0	1	1953	-50.3	763.0	0.29	0.0	1
50.48	0	0.0	0.0	0.0	0.0	0.05	0.0	1	1953	-50.3	763.0	0.29	0.0	1
50.57	0	0.0	0.0	0.0	0.0	0.05	0.0	1	1953	-50.3	763.0	0.29	0.0	1
50.67	0	0.0	0.0	0.0	0.0	0.05	0.0	1	1953	-50.3	763.0	0.29	0.0	1
50.77	0	0.0	0.0	0.0	0.0	0.05	0.0	1	1953	-50.3	763.0	0.29	0.0	1
50.87	0	0.0	0.0	0.0	0.0	0.05	0.0	1	1953	-50.3	763.0	0.3	0.0	1
50.97	0	0.0	0.0	0.0	0.0	0.05	0.0	1	1953	-50.3	763.0	0.3	0.0	1
51.07	0	0.0	0.0	0.0	0.0	0.05	0.0	1	1953	-50.3	763.0	0.3	0.0	1
51.17	0	0.0	0.0	0.0	0.0	0.05	0.0	1	1953	-50.3	763.0	0.3	0.0	1
51.27	0	0.0	0.0	0.0	0.0	0.05	0.0	1	1953	-50.3	763.0	0.3	0.0	1
51.37	0	0.0	0.0	0.0	0.0	0.05	0.0	1	1953	-50.3	763.0	0.3	0.0	1
51.47	0	0.0	0.0	0.0	0.0	0.05	0.0	1	1953	-50.3	763.0	0.3	0.0	1
51.57	0	0.0	0.0	0.0	0.0	0.05	0.0	1	1953	-50.3	763.0	0.3	0.0	1
51.67	0	0.0	0.0	0.0	0.0	0.05	0.0	1	1953	-50.3	763.0	0.3	0.0	1
51.77	0	0.0	0.0	0.0	0.0	0.05	0.0	1	1953	-50.3	763.0	0.3	0.0	1
51.87	0	0.0	0.0	0.0	0.0	0.05	0.0	1	1953	-50.3	763.0	0.3	0.0	1
51.97	0	0.0	0.0	0.0	0.0	0.05	0.0	1	1953	-50.3	763.0	0.3	0.0	1
52.07	0	0.0	0.0	0.0	0.0	0.05	0.0	1	1953	-50.3	763.0	0.3	0.0	1
52.17	0	0.0	0.0	0.0	0.0	0.05	0.0	1	1953	-50.3	763.0	0.3	0.0	1
52.27	0	0.0	0.0	0.0	0.0	0.05	0.0	1	1953	-50.3	763.0	0.3	0.0	1
52.37	0	0.0	0.0	0.0	0.0	0.05	0.0	1	1953	-50.3	763.0	0.3	0.0	1
52.47	0	0.0	0.0	0.0	0.0	0.05	0.0	1	1953	-50.3	763.0	0.3	0.0	1
52.57	0	0.0	0.0	0.0	0.0	0.05	0.0	1	1953	-50.3	763.0	0.3	0.0	1
52.67	0	0.0	0.0	0.0	0.0	0.05	0.0	1	1953	-50.3	763.0	0.31	0.0	1
52.77	0	0.0	0.0	0.0	0.0	0.05	0.0	1	1953	-50.3	763.0	0.31	0.0	1
52.87	0	0.0	0.0	0.0	0.0	0.05	0.0	1	1953	-50.3	763.0	0.31	0.0	1
52.97	0	0.0	0.0	0.0	0.0	0.05	0.0	1	1953	-50.3	763.0	0.31	0.0	1
53.07	0	0.0	0.0	0.0	0.0	0.05	0.0	1	1953	-50.3	763.0	0.31	0.0	1
53.17	0	0.0	0.0	0.0	0.0	0.05	0.0	1	1953	-50.3	763.0	0.31	0.0	1
53.27	0	0.0	0.0	0.0	0.0	0.05	0.0	1	1953	-50.3	763.0	0.31	0.0	1
53.37	0	0.0	0.0	0.0	0.0	0.05	0.0	1	1953	-50.3	763.0	0.31	0.0	1
53.47	0	0.0	0.0	0.0	0.0	0.05	0.0	1	1953	-50.3	763.0	0.31	0.0	1
53.57	0	0.0	0.0	0.0	0.0	0.05	0.0	1	1953	-50.3	763.0	0.31	0.0	1
53.67	0	0.0	0.0	0.0	0.0	0.05	0.0	1	1953	-50.3	763.0	0.31	0.0	1
53.77	0	0.0	0.0	0.0	0.0	0.05	0.0	1	1953	-50.3	763.0	0.31	0.0	1
53.87	0	0.0	0.0	0.0	0.0	0.05	0.0	1	1953	-50.3	763.0	0.31	0.0	1
53.97	0	0.0	0.0	0.0	0.0	0.05	0.0	1	1953	-50.3	763.0	0.31	0.0	1
54.07	0	0.0	0.0	0.0	0.0	0.05	0.0	1	1953	-50.3	763.0	0.31	0.0	1
54.17	0	0.0	0.0	0.0	0.0	0.05	0.0	1	1953	-50.3	763.0	0.31	0.0	1
54.27	0	0.0	0.0	0.0	0.0	0.05	0.0	1	1953	-50.3	763.0	0.31	0.0	1
54.37	0	0.0	0.0	0.0	0.0	0.05	0.0	1	1953	-50.3	763.0	0.31	0.0	1
54.47	0	0.0	0.0	0.0	0.0	0.05	0.0	1	1953	-50.3	763.0	0.32	0.0	1
54.57	0	0.0	0.0	0.0	0.0	0.05	0.0	1	1953	-50.3	763.0	0.32	0.0	1
54.67	0	0.0	0.0	0.0	0.0	0.05	0.0	1	1953	-50.3	763.0	0.32	0.0	1
54.77	0	0.0	0.0	0.0	0.0	0.05	0.0	1	1953	-50.3	763.0	0.32	0.0	1
54.87	0	0.0	0.0	0.0	0.0	0.05	0.0	1	1953	-50.3	763.0	0.32	0.0	1
54.97	0	0.0	0.0	0.0	0.0	0.05	0.0	1	1953	-50.3	763.0	0.32	0.0	1
55.07	0	0.0	0.0	0.0	0.0	0.05	0.0	1	1953	-50.3	763.0	0.32	0.0	1
55.17	0	0.0	0.0	0.0	0.0	0.05	0.0	1	1953	-50.3	763.0	0.32	0.0	1
55.27	0	0.0	0.0	0.0	0.0	0.05	0.0	1	1953	-50.3	763.0	0.32	0.0	1
55.38	0	0.0	0.0	0.0	0.0	0.05	0.0	1	1953	-50.3	763.0	0.32	0.0	1
55.47	0	0.0	0.0	0.0	0.0	0.05	0.0	1	1953	-50.3	763.0	0.32	0.0	1
55.57	0	0.0	0.0	0.0	0.0	0.05	0.0	1	1953	-50.3	763.0	0.32	0.0	1
55.67	0	0.0	0.0	0.0	0.0	0.05	0.0	1	1953	-50.3	763.0	0.32	0.0	1
55.77	0	0.0	0.0	0.0	0.0	0.05	0.0	1	1953	-50.3	763.0	0.32	0.0	1
55.87	0	0.0	0.0	0.0	0.0	0.05	0.0	1	1953	-50.3	763.0	0.32	0.0	1
55.97	0	0.0	0.0	0.0	0.0	0.05	0.0	1	1953	-50.3	763.0	0.32	0.0	1
56.07	0	0.0	0.0	0.0	0.0	0.05	0.0	1	1953	-50.3	763.0	0.32	0.0	1
56.17	0	0.0	0.0	0.0	0.0	0.05	0.0	1	1953	-50.3	763.0	0.32	0.0	1
56.27	0	0.0	0.0	0.0	0.0	0.05	0.0	1	1953	-50.3	763.0	0.33	0.0	1
56.37	0	0.0	0.0	0.0	0.0	0.05	0.0	1	1953	-50.3	763.0	0.33	0.0	1
56.47	0	0.0	0.0	0.0	0.0	0.05	0.0	1	1953	-50.3	763.0	0.33	0.0	1
56.61	0	0.0	0.0	0.0	0.0	0.05	0.0	1	1953	-50.3	763.0	0.33	0.0	1
56.71	0	0.0	0.0	0.0	0.0	0.05	0.0	1	1953	-50.3	763.0	0.33	0.0	1
56.82	0	0.0	0.0	0.0	0.0	0.05	0.0	1	1953	-50.3	763.0	0.33	0.0	1
56.92	0	0.0	0.0	0.0	0.0	0.05	0.0	1	1953	-50.3	763.0	0.33	0.0	1
57.02	0	0.0	0.0	0.0	0.0	0.05	0.0	1	1953	-50.3	763.0	0.33	0.0	1
57.12	0	0.0	0.0	0.0	0.0	0.05	0.0	1	1953	-50.3	763.0	0.33	0.0	1
57.22	0	0.0	0.0	0.0	0.0	0.05	0.0	1	1953	-50.3	763.0	0.33	0.0	1
57.32	0	0.0	0.0	0.0	0.0	0.05	0.0	1	1953	-50.3	763.0	0.33	0.0	1
57.42	0	0.0	0.0	0.0	0.0	0.05	0.0	1	1953	-50.3	763.0	0.33	0.0	1
57.52	0	0.0	0.0	0.0	0.0	0.05	0.0	1	1953	-50.3	763.0	0.33	0.0	1
57.62	0	0.0	0.0	0.0	0.0	0.05	0.0	1	1953	-50.3	763.0	0.33	0.0	1
57.72	0	0.0	0.0	0.0	0.0	0.05	0.0	1	1953	-50.3	763.0	0.33	0.0	1
57.82	0	0.0	0.0	0.0	0.0	0.05	0.0	1	1953	-50.3	763.0	0.33	0.0	1
57.92	0	0.0	0.0	0.0	0.0	0.05	0.0	1	1953	-50.3	763.0	0.33	0.0	1
58.03	0	0.0	0.0	0.0	0.0	0.05	0.0	1	1953	-50.3	763.0	0.33	0.0	1
58.12	0	0.0	0.0	0.0	0.0	0.05	0.0	1	1953	-50.3	763.0	0.34	0.0	1
58.22	0	0.0	0.0	0.0	0.0	0.05	0.0	1	1953	-50.3	763.0	0.34	0.0	1
58.32	0	0.0	0.0	0.0	0.0	0.05	0.0	1	1953	-50.3	763.0	0.34	0.0	1
58.43	0	0.0	0.0	0.0	0.0	0.05	0.0	1	1953	-50.3	763.0	0.34	0.0	1
58.52	0	0.0	0.0	0.0	0.0	0.05	0.0	1	1953	-50.3	763.0	0.34	0.0	1
58.63	0	0.0	0.0	0.0	0.0	0.05	0.0	1	1953	-50.3	763.0	0.34	0.0	1
58.74	0	0.0	0.0	0.0	0.0	0.05	0.0	1	1953	-50.3	763.0	0.34	0.0	1
58.84	0	0.0	0.0	0.0	0.0	0.05	0.0	1	1953	-50.3	763.0	0.34	0.0	1
58.94	0	0.0	0.0	0.0	0.0	0.05	0.0	1	1953	-50.3	763.0	0.34	0.0	1
59.04	0	0.0	0.0	0.0	0.0	0.05	0.0	1	1953	-50.3	763.0	0.34	0.0	1
59.14	0	0.0	0.0	0.0	0.0	0.05	0.0	1	1953	-50.3	763.0	0.34	0.0	1
59.24	0	0.0	0.0	0.0	0.0	0.05	0.0	1	1953	-50.3	763.0	0.34	0.0	1
59.34	0	0.0	0.0	0.0	0.0	0.05	0.0	1	1953	-50.3	763.0	0.34	0.0	1
59.44	0	0.0	0.0	0.0	0.0	0.05	0.0	1	1953	-50.3	763.0	0.34	0.0	1
59.54	0	0.0	0.0	0.0	0.0	0.05	0.0	1	1953	-50.3	763.0	0.34	0.0	1
59.64	0	0.0	0.0	0.0	0.0	0.05	0.0	1	1953	-50.3	763.0	0.34	0.0	1
59.74	0	0.0	0.0	0.0	0.0	0.05	0.0	1	1953	-50.3	763.0	0.34	0.0	1
59.84	0	0.0	0.0	0.0	0.0	0.05	0.0	1	1953	-50.3	763.0	0.34	0.0	1
59.94	0	0.0	0.0	0.0	0.0	0.05	0.0	1	1953	-50.3	763.0	0.35	0.0	1
60.04	0	0.0	0.0	0.0	0.0	0.05	0.0	1	1953	-50.3	763.0	0.35	0.0	1
60.14	0	0.0	0.0	0.0	0.0	0.05	0.0	1	1953	-50.3	763.0	0.35	0.0	1
60.24	0	0.0	0.0	0.0	0.0	0.05	0.0	1	1953	-50.3	763.0	0.35	0.0	1
60.34	0	0.0	0.0	0.0	0.0	0.05	0.0	1	1953	-50.3	763.0	0.35	0.0	1
60.44	0	0.0	0.0	0.0	0.0	0.05	0.0	1	1953	-50.3	763.0	0.35	0.0	1
60.54	0	0.0	0.0	0.0	0.0	0.05	0.0	1	1953	-50.3	763.0	0.35	0.0	1
60.64	0	0.0	0.0	0.0	0.0	0.05	0.0	1	1953	-50.3	763.0	0.35	0.0	1
60.74	0	0.0	0.0	0.0	0.0	0.05	0.0	1	1953	-50.3	763.0	0.35	0.0	1
60.84	0	0.0	0.0	0.0	0.0	0.05	0.0	1	1953	-50.3	763.0	0.35	0.0	1
60.94	0	0.0	0.0	0.0	0.0	0.05	0.0	1	1953	-50.3	763.0	0.35	0.0	1
61.04	0	0.0	0.0	0.0	0.0	0.05	0.0	1	1953	-50.3	763.0	0.35	0.0	1
61.14	0	0.0	0.0	0.0	0.0	0.05	0.0	1	1953	-50.3	763.0	0.35	0.0	1
61.24	0	0.0	0.0	0.0	0.0	0.05	0.0	1	1953	-50.3	763.0	0.35	0.0	1
61.34	0	0.0	0.0	0.0	0.0	0.05	0.0	1	1953	-50.3	763.0	0.35	0.0	1
61.44	0	0.0	0.0	0.0	0.0	0.05	0.0	1	1953	-50.3	763.0	0.35	0.0	1
61.54	0	0.0	0.0	0.0	0.0	0.05	0.0	1	1953	-50.3	763.0	0.35	0.0	1
61.64	0	0.0	0.0	0.0	0.0	0.05	0.0	1	1953	-50.3	763.0	0.35	0.0	1
61.74	0	0.0	0.0	0.0	0.0	0.05	0.0	1	1953	-50.3	763.0	0.36	0.0	1
61.84	0	0.0	0.0	0.0	0.0	0.05	0.0	1	1953	-50.3	763.0	0.36	0.0	1
61.94	0	0.0	0.0	0.0	0.0	0.05	0.0	1	1953	-50.3	763.0	0.36	0.0	1
62.04	0	0.0	0.0	0.0	0.0	0.05	0.0	1	1953	-50.3	763.0	0.36	0.0	1
62.14	0	0.0	0.0	0.0	0.0	0.05	0.0	1	1953	-50.3	763.0	0.36	0.0	1
62.24	0	0.0	0.0	0.0	0.0	0.05	0.0	1	1953	-50.3	763.0	0.36	0.0	1
62.34	0	0.0	0.0	0.0	0.0	0.05	0.0	1	1953	-50.3	763.0	0.36	0.0	1
62.44	0	0.0	0.0	0.0	0.0	0.05	0.0	1	1953	-50.3	763.0	0.36	0.0	1
62.54	0	0.0	0.0	0.0	0.0	0.05	0.0	1	1953	-50.3	763.0	0.36	0.0	1
62.64	0	0.0	0.0	0.0	0.0	0.05	0.0	1	1953	-50.3	763.0	0.36	0.0	1
62.74	0	0.0	0.0	0.0	0.0	0.05	0.0	1	1953	-50.3	763.0	0.36	0.0	1
62.84	0	0.0	0.0	0.0	0.0	0.05	0.0	1	1953	-50.3	763.0	0.36	0.0	1
62.94	0	0.0	0.0	0.0	0.0	0.05	0.0	1	1953	-50.3	763.0	0.36	0.0	1
63.04	0	0.0	0.0	0.0	0.0	0.05	0.0	1	1953	-50.3	763.0	0.36	0.0	1
63.14	0	0.0	0.0	0.0	0.0	0.05	0.0	1	1953	-50.3	763.0	0.36	0.0	1
63.24	0	0.0	0.0	0.0	0.0	0.05	0.0	1	1953	-50.3	763.0	0.36	0.0	1
63.34	0	0.0	0.0	0.0	0.0	0.05	0.0	1	1953	-50.3	763.0	0.36	0.0	1
63.44	0	0.0	0.0	0.0	0.0	0.05	0.0	1	1953	-50.3	763.0	0.36	0.0	1
63.54	0	0.0	0.0	0.0	0.0	0.05	0.0	1	1953	-50.3	763.0	0.36	0.0	1
63.64	0	0.0	0.0	0.0	0.0	0.05	0.0	1	1953	-50.3	763.0	0.37	0.0	1
63.74	0	0.0	0.0	0.0	0.0	0.05	0.0	1	1953	-50.3	763.0	0.37	0.0	1
63.84	0	0.0	0.0	0.0	0.0	0.05	0.0	1	1953	-50.3	763.0	0.37	0.0	1
63.94	0	0.0	0.0	0.0	0.0	0.05	0.0	1	1953	-50.3	763.0	0.37	0.0	1
64.04	0	0.0	0.0	0.0	0.0	0.05	0.0	1	1953	-50.3	763.0	0.37	0.0	1
64.14	0	0.0	0.0	0.0	0.0	0.05	0.0	1	1953	-50.3	763.0	0.37	0.0	1
64.24	0	0.0	0.0	0.0	0.0	0.05	0.0	1	1953	-50.3	763.0	0.37	0.0	1
64.36	0	0.0	0.0	0.0	0.0	0.05	0.0	1	1953	-50.3	763.0	0.37	0.0	1
64.46	0	0.0	0.0	0.0	0.0	0.05	0.0	1	1953	-50.3	763.0	0.37	0.0	1
64.56	0	0.0	0.0	0.0	0.0	0.05	0.0	1	1953	-50.3	763.0	0.37	0.0	1
64.66	0	0.0	0.0	0.0	0.0	0.05	0.0	1	1953	-50.3	763.1	0.37	0.0	1
64.76	0	0.0	0.0	0.0	0.0	0.05	0.0	1	1953	-50.3	763.1	0.37	0.0	1
64.86	0	0.0	0.0	0.0	0.0	0.05	0.0	1	1953	-50.3	763.1	0.37	0.0	1
64.96	0	0.0	0.0	0.0	0.0	0.05	0.0	1	1953	-50.3	763.1	0.37	0.0	1
65.06	0	0.0	0.0	0.0	0.0	0.05	0.0	1	1953	-50.3	763.1	0.37	0.0	1
65.16	0	0.0	0.0	0.0	0.0	0.05	0.0	1	1953	-50.3	763.1	0.37	0.0	1
65.26	0	0.0	0.0	0.0	0.0	0.05	0.0	1	1953	-50.3	763.1	0.37	0.0	1
65.36	0	0.0	0.0	0.0	0.0	0.05	0.0	1	1953	-50.3	763.1	0.37	0.0	1
65.46	0	0.0	0.0	0.0	0.0	0.05	0.0	1	1953	-50.3	763.1	0.38	0.0	1
65.56	0	0.0	0.0	0.0	0.0	0.05	0.0	1	1953	-50.3	763.1	0.38	0.0	1
65.66	0	0.0	0.0	0.0	0.0	0.05	0.0	1	1953	-50.3	763.1	0.38	0.0	1
65.76	0	0.0	0.0	0.0	0.0	0.05	0.0	1	1953	-50.3	763.1	0.38	0.0	1
65.86	0	0.0	0.0	0.0	0.0	0.05	0.0	1	1953	-50.3	763.1	0.38	0.0	1
65.96	0	0.0	0.0	0.0	0.0	0.05	0.0	1	1953	-50.3	763.1	0.38	0.0	1
66.06	0	0.0	0.0	0.0	0.0	0.05	0.0	1	1953	-50.4	763.1	0.38	0.0	1
66.16	0	0.0	0.0	0.0	0.0	0.05	0.0	1	1953	-50.4	763.1	0.38	0.0	1
66.26	0	0.0	0.0	0.0	0.0	0.05	0.0	1	1953	-50.4	763.1	0.38	0.0	1
66.37	0	0.0	0.0	0.0	0.0	0.05	0.0	1	1953	-50.4	763.1	0.38	0.0	1
66.47	0	0.0	0.0	0.0	0.0	0.05	0.0	1	1953	-50.4	763.1	0.38	0.0	1
66.61	0	0.0	0.0	0.0	0.0	0.05	0.0	1	1953	-50.4	763.1	0.38	0.0	1
66.7	0	0.0	0.0	0.0	0.0	0.05	0.0	1	1953	-50.4	763.1	0.38	0.0	1
66.8	0	0.0	0.0	0.0	0.0	0.05	0.0	1	1953	-50.4	763.1	0.38	0.0	1
66.9	0	0.0	0.0	0.0	0.0	0.05	0.0	1	1953	-50.4	763.1	0.38	0.0	1
67.0	0	0.0	0.0	0.0	0.0	0.05	0.0	1	1953	-50.4	763.1	0.38	0.0	1
67.1	0	0.0	0.0	0.0	0.0	0.05	0.0	1	1953	-50.4	763.1	0.38	0.0	1
67.2	0	0.0	0.0	0.0	0.0	0.05	0.0	1	1953	-50.4	763.1	0.38	0.0	1
67.3	0	0.0	0.0	0.0	0.0	0.05	0.0	1	1953	-50.4	763.1	0.39	0.0	1
67.4	0	0.0	0.0	0.0	0.0	0.05	0.0	1	1953	-50.4	763.1	0.39	0.0	1
67.5	0	0.0	0.0	0.0	0.0	0.05	0.0	1	1953	-50.4	763.1	0.39	0.0	1
67.6	0	0.0	0.0	0.0	0.0	0.05	0.0	1	1953	-50.4	763.1	0.39	0.0	1
67.71	0	0.0	0.0	0.0	0.0	0.05	0.0	1	1953	-50.4	763.1	0.39	0.0	1
67.81	0	0.0	0.0	0.0	0.0	0.05	0.0	1	1953	-50.4	763.1	0.39	0.0	1
67.91	0	0.0	0.0	0.0	0.0	0.05	0.0	1	1953	-50.4	763.1	0.39	0.0	1
68.01	0	0.0	0.0	0.0	0.0	0.05	0.0	1	1953	-50.4	763.1	0.39	0.0	1
68.11	0	0.0	0.0	0.0	0.0	0.05	0.0	1	1953	-50.4	763.1	0.39	0.0	1
68.21	0	0.0	0.0	0.0	0.0	0.05	0.0	1	1953	-50.4	763.1	0.39	0.0	1
68.31	0	0.0	0.0	0.0	0.0	0.05	0.0	1	1953	-50.4	763.1	0.39	0.0	1
68.41	0	0.0	0.0	0.0	0.0	0.05	0.0	1	1953	-50.4	763.1	0.39	0.0	1
68.51	0	0.0	0.0	0.0	0.0	0.05	0.0	1	1953	-50.4	763.1	0.39	0.0	1
68.61	0	0.0	0.0	0.0	0.0	0.05	0.0	1	1953	-50.4	763.1	0.39	0.0	1
68.71	0	0.0	0.0	0.0	0.0	0.05	0.0	1	1953	-50.4	763.1	0.39	0.0	1
68.81	0	0.0	0.0	0.0	0.0	0.05	0.0	1	1953	-50.4	763.1	0.39	0.0	1
68.91	0	0.0	0.0	0.0	0.0	0.05	0.0	1	1953	-50.4	763.1	0.39	0.0	1
69.01	0	0.0	0.0	0.0	0.0	0.05	0.0	1	1953	-50.4	763.1	0.39	0.0	1
69.11	0	0.0	0.0	0.0	0.0	0.05	0.0	1	1953	-50.4	763.1	0.39	0.0	1
69.21	0	0.0	0.0	0.0	0.0	0.05	0.0	1	1953	-50.4	763.1	0.4	0.0	1
69.31	0	0.0	0.0	0.0	0.0	0.05	0.0	1	1953	-50.4	763.1	0.4	0.0	1
69.41	0	0.0	0.0	0.0	0.0	0.05	0.0	1	1953	-50.4	763.1	0.4	0.0	1
69.51	0	0.0	0.0	0.0	0.0	0.05	0.0	1	1953	-50.4	763.1	0.4	0.0	1
69.61	0	0.0	0.0	0.0	0.0	0.05	0.0	1	1953	-50.4	763.1	0.4	0.0	1
69.71	0	0.0	0.0	0.0	0.0	0.05	0.0	1	1953	-50.4	763.1	0.4	0.0	1
69.81	0	0.0	0.0	0.0	0.0	0.05	0.0	1	1953	-50.4	763.1	0.4	0.0	1
69.91	0	0.0	0.0	0.0	0.0	0.05	0.0	1	1953	-50.4	763.1	0.4	0.0	1
70.01	0	0.0	0.0	0.0	0.0	0.05	0.0	1	1953	-50.4	763.1	0.4	0.0	1
70.11	0	0.0	0.0	0.0	0.0	0.05	0.0	1	1953	-50.4	763.1	0.4	0.0	1
70.21	0	0.0	0.0	0.0	0.0	0.05	0.0	1	1953	-50.4	763.1	0.4	0.0	1
70.31	0	0.0	0.0	0.0	0.0	0.05	0.0	1	1953	-50.4	763.1	0.4	0.0	1
70.41	0	0.0	0.0	0.0	0.0	0.05	0.0	1	1953	-50.4	763.1	0.4	0.0	1
70.51	0	0.0	0.0	0.0	0.0	0.05	0.0	1	1953	-50.4	763.1	0.4	0.0	1
70.61	0	0.0	0.0	0.0	0.0	0.05	0.0	1	1953	-50.4	763.1	0.4	0.0	1
70.71	0	0.0	0.0	0.0	0.0	0.05	0.0	1	1953	-50.4	763.1	0.4	0.0	1
70.81	0	0.0	0.0	0.0	0.0	0.05	0.0	1	1953	-50.4	763.1	0.4	0.0	1
70.91	0	0.0	0.0	0.0	0.0	0.05	0.0	1	1953	-50.4	763.1	0.4	0.0	1
71.03	0	0.0	0.0	0.0	0.0	0.05	0.0	1	1953	-50.4	763.1	0.4	0.0	1
71.12	0	0.0	0.0	0.0	0.0	0.05	0.0	1	1953	-50.4	763.1	0.41	0.0	1
71.22	0	0.0	0.0	0.0	0.0	0.05	0.0	1	1953	-50.4	763.1	0.41	0.0	1
71.32	0	0.0	0.0	0.0	0.0	0.05	0.0	1	1953	-50.4	763.1	0.41	0.0	1
71.42	0	0.0	0.0	0.0	0.0	0.05	0.0	1	1953	-50.4	763.1	0.41	0.0	1
71.52	0	0.0	0.0	0.0	0.0	0.05	0.0	1	1953	-50.4	763.1	0.41	0.0	1
71.62	0	0.0	0.0	0.0	0.0	0.05	0.0	1	1953	-50.4	763.1	0.41	0.0	1
71.72	0	0.0	0.0	0.0	0.0	0.05	0.0	1	1953	-50.4	763.1	0.41	0.0	1
71.82	0	0.0	0.0	0.0	0.0	0.05	0.0	1	1953	-50.4	763.1	0.41	0.0	1
71.92	0	0.0	0.0	0.0	0.0	0.05	0.0	1	1953	-50.4	763.1	0.41	0.0	1
72.02	0	0.0	0.0	0.0	0.0	0.05	0.0	1	1953	-50.4	763.1	0.41	0.0	1
72.12	0	0.0	0.0	0.0	0.0	0.05	0.0	1	1953	-50.4	763.1	0.41	0.0	1
72.22	0	0.0	0.0	0.0	0.0	0.05	0.0	1	1953	-50.4	763.1	0.41	0.0	1
72.32	0	0.0	0.0	0.0	0.0	0.05	0.0	1	1953	-50.4	763.1	0.41	0.0	1
72.42	0	0.0	0.0	0.0	0.0	0.05	0.0	1	1953	-50.4	763.1	0.41	0.0	1
72.52	0	0.0	0.0	0.0	0.0	0.05	0.0	1	1953	-50.4	763.1	0.41	0.0	1
72.62	0	0.0	0.0	0.0	0.0	0.05	0.0	1	1953	-50.4	763.1	0.41	0.0	1
72.72	0	0.0	0.0	0.0	0.0	0.05	0.0	1	1953	-50.4	763.1	0.41	0.0	1
72.82	0	0.0	0.0	0.0	0.0	0.05	0.0	1	1953	-50.4	763.1	0.41	0.0	1
72.92	0	0.0	0.0	0.0	0.0	0.05	0.0	1	1953	-50.4	763.1	0.41	0.0	1
73.02	0	0.0	0.0	0.0	0.0	0.05	0.0	1	1953	-50.4	763.1	0.42	0.0	1
73.12	0	0.0	0.0	0.0	0.0	0.05	0.0	1	1953	-50.4	763.1	0.42	0.0	1
73.22	0	0.0	0.0	0.0	0.0	0.05	0.0	1	1953	-50.4	763.1	0.42	0.0	1
73.32	0	0.0	0.0	0.0	0.0	0.05	0.0	1	1953	-50.4	763.1	0.42	0.0	1
73.42	0	0.0	0.0	0.0	0.0	0.05	0.0	1	1953	-50.4	763.1	0.42	0.0	1
73.52	0	0.0	0.0	0.0	0.0	0.05	0.0	1	1953	-50.4	763.1	0.42	0.0	1
73.62	0	0.0	0.0	0.0	0.0	0.05	0.0	1	1953	-50.4	763.1	0.42	0.0	1
73.72	0	0.0	0.0	0.0	0.0	0.05	0.0	1	1953	-50.4	763.1	0.42	0.0	1
73.82	0	0.0	0.0	0.0	0.0	0.05	0.0	1	1953	-50.4	763.1	0.42	0.0	1
73.92	0	0.0	0.0	0.0	0.0	0.05	0.0	1	1953	-50.4	763.1	0.42	0.0	1
74.02	0	0.0	0.0	0.0	0.0	0.05	0.0	1	1953	-50.4	763.1	0.42	0.0	1
74.12	0	0.0	0.0	0.0	0.0	0.05	0.0	1	1953	-50.4	763.1	0.42	0.0	1
74.22	0	0.0	0.0	0.0	0.0	0.05	0.0	1	1953	-50.4	763.1	0.42	0.0	1
74.32	0	0.0	0.0	0.0	0.0	0.05	0.0	1	1953	-50.4	763.1	0.42	0.0	1
74.42	0	0.0	0.0	0.0	0.0	0.05	0.0	1	1953	-50.4	763.1	0.42	0.0	1
74.52	0	0.0	0.0	0.0	0.0	0.05	0.0	1	1953	-50.4	763.1	0.42	0.0	1
74.62	0	0.0	0.0	0.0	0.0	0.05	0.0	1	1953	-50.4	763.1	0.42	0.0	1
74.72	0	0.0	0.0	0.0	0.0	0.05	0.0	1	1953	-50.4	763.1	0.42	0.0	1
74.82	0	0.0	0.0	0.0	0.0	0.05	0.0	1	1953	-50.4	763.1	0.42	0.0	1
74.92	0	0.0	0.0	0.0	0.0	0.05	0.0	1	1953	-50.4	763.1	0.43	0.0	1
75.02	0	0.0	0.0	0.0	0.0	0.05	0.0	1	1953	-50.4	763.1	0.43	0.0	1
75.12	0	0.0	0.0	0.0	0.0	0.05	0.0	1	1953	-50.4	763.1	0.43	0.0	1
75.22	0	0.0	0.0	0.0	0.0	0.05	0.0	1	1953	-50.4	763.1	0.43	0.0	1
75.32	0	0.0	0.0	0.0	0.0	0.05	0.0	1	1953	-50.4	763.1	0.43	0.0	1
75.42	0	0.0	0.0	0.0	0.0	0.05	0.0	1	1953	-50.4	763.1	0.43	0.0	1
75.52	0	0.0	0.0	0.0	0.0	0.05	0.0	1	1953	-50.4	763.1	0.43	0.0	1
75.62	0	0.0	0.0	0.0	0.0	0.05	0.0	1	1953	-50.4	763.1	0.43	0.0	1
75.72	0	0.0	0.0	0.0	0.0	0.05	0.0	1	1953	-50.4	763.1	0.43	0.0	1
75.82	0	0.0	0.0	0.0	0.0	0.05	0.0	1	1953	-50.4	763.1	0.43	0.0	1
75.92	0	0.0	0.0	0.0	0.0	0.05	0.0	1	1953	-50.4	763.1	0.43	0.0	1
76.02	0	0.0	0.0	0.0	0.0	0.05	0.0	1	1953	-50.4	763.1	0.43	0.0	1
76.12	0	0.0	0.0	0.0	0.0	0.05	0.0	1	1953	-50.4	763.1	0.43	0.0	1
76.22	0	0.0	0.0	0.0	0.0	0.05	0.0	1	1953	-50.4	763.1	0.43	0.0	1
76.32	0	0.0	0.0	0.0	0.0	0.05	0.0	1	1953	-50.4	763.1	0.43	0.0	1
76.45	0	0.0	0.0	0.0	0.0	0.05	0.0	1	1953	-50.4	763.1	0.43	0.0	1
76.55	0	0.0	0.0	0.0	0.0	0.05	0.0	1	1953	-50.4	763.1	0.43	0.0	1
76.65	0	0.0	0.0	0.0	0.0	0.05	0.0	1	1953	-50.4	763.1	0.43	0.0	1
76.75	0	0.0	0.0	0.0	0.0	0.05	0.0	1	1953	-50.4	763.1	0.44	0.0	1
76.85	0	0.0	0.0	0.0	0.0	0.05	0.0	1	1953	-50.4	763.1	0.44	0.0	1
76.95	0	0.0	0.0	0.0	0.0	0.05	0.0	1	1953	-50.4	763.1	0.44	0.0	1
77.05	0	0.0	0.0	0.0	0.0	0.05	0.0	1	1953	-50.4	763.1	0.44	0.0	1
77.15	0	0.0	0.0	0.0	0.0	0.05	0.0	1	1953	-50.4	763.1	0.44	0.0	1
77.25	0	0.0	0.0	0.0	0.0	0.05	0.0	1	1953	-50.4	763.1	0.44	0.0	1
77.35	0	0.0	0.0	0.0	0.0	0.05	0.0	1	1953	-50.4	763.1	0.44	0.0	1
77.45	0	0.0	0.0	0.0	0.0	0.05	0.0	1	1953	-50.4	763.1	0.44	0.0	1
77.55	0	0.0	0.0	0.0	0.0	0.05	0.0	1	1953	-50.4	763.1	0.44	0.0	1
77.65	0	0.0	0.0	0.0	0.0	0.05	0.0	1	1953	-50.4	763.1	0.44	0.0	1
77.75	0	0.0	0.0	0.0	0.0	0.05	0.0	1	1953	-50.4	763.1	0.44	0.0	1
77.85	0	0.0	0.0	0.0	0.0	0.05	0.0	1	1953	-50.4	763.1	0.44	0.0	1
77.95	0	0.0	0.0	0.0	0.0	0.05	0.0	1	1953	-50.4	763.1	0.44	0.0	1
78.05	0	0.0	0.0	0.0	0.0	0.05	0.0	1	1953	-50.4	763.1	0.44	0.0	1
78.15	0	0.0	0.0	0.0	0.0	0.05	0.0	1	1953	-50.4	763.1	0.44	0.0	1
78.25	0	0.0	0.0	0.0	0.0	0.05	0.0	1	1953	-50.4	763.1	0.44	0.0	1
78.35	0	0.0	0.0	0.0	0.0	0.05	0.0	1	1953	-50.4	763.1	0.44	0.0	1
78.45	0	0.0	0.0	0.0	0.0	0.05	0.0	1	1953	-50.4	763.1	0.44	0.0	1
78.55	0	0.0	0.0	0.0	0.0	0.05	0.0	1	1953	-50.4	763.1	0.44	0.0	1
78.65	0	0.0	0.0	0.0	0.0	0.05	0.0	1	1953	-50.4	763.1	0.45	0.0	1
78.75	0	0.0	0.0	0.0	0.0	0.05	0.0	1	1953	-50.4	763.1	0.45	0.0	1
78.85	0	0.0	0.0	0.0	0.0	0.05	0.0	1	1953	-50.4	763.1	0.45	0.0	1
78.95	0	0.0	0.0	0.0	0.0	0.05	0.0	1	1953	-50.4	763.1	0.45	0.0	1
79.05	0	0.0	0.0	0.0	0.0	0.05	0.0	1	1953	-50.4	763.1	0.45	0.0	1
79.15	0	0.0	0.0	0.0	0.0	0.05	0.0	1	1953	-50.4	763.1	0.45	0.0	1
79.25	0	0.0	0.0	0.0	0.0	0.05	0.0	1	1953	-50.4	763.1	0.45	0.0	1
79.35	0	0.0	0.0	0.0	0.0	0.05	0.0	1	1953	-50.4	763.1	0.45	0.0	1
79.45	0	0.0	0.0	0.0	0.0	0.05	0.0	1	1953	-50.4	763.1	0.45	0.0	1
79.55	0	0.0	0.0	0.0	0.0	0.05	0.0	1	1953	-50.4	763.1	0.45	0.0	1
79.65	0	0.0	0.0	0.0	0.0	0.05	0.0	1	1953	-50.4	763.1	0.45	0.0	1
79.75	0	0.0	0.0	0.0	0.0	0.05	0.0	1	1953	-50.4	763.1	0.45	0.0	1
79.85	0	0.0	0.0	0.0	0.0	0.05	0.0	1	1953	-50.4	763.1	0.45	0.0	1
79.95	0	0.0	0.0	0.0	0.0	0.05	0.0	1	1953	-50.4	763.1	0.45	0.0	1
80.05	0	0.0	0.0	0.0	0.0	0.05	0.0	1	1953	-50.4	763.1	0.45	0.0	1
80.15	0	0.0	0.0	0.0	0.0	0.05	0.0	1	1953	-50.4	763.1	0.45	0.0	1
80.25	0	0.0	0.0	0.0	0.0	0.05	0.0	1	1953	-50.4	763.1	0.45	0.0	1
80.35	0	0.0	0.0	0.0	0.0	0.05	0.0	1	1953	-50.4	763.1	0.45	0.0	1
80.45	0	0.0	0.0	0.0	0.0	0.05	0.0	1	1953	-50.4	763.1	0.45	0.0	1
80.55	0	0.0	0.0	0.0	0.0	0.05	0.0	1	1953	-50.4	763.1	0.45	0.0	1
80.65	0	0.0	0.0	0.0	0.0	0.05	0.0	1	1953	-50.4	763.1	0.46	0.0	1
80.75	0	0.0	0.0	0.0	0.0	0.05	0.0	1	1953	-50.4	763.1	0.46	0.0	1
80.85	0	0.0	0.0	0.0	0.0	0.05	0.0	1	1953	-50.4	763.1	0.46	0.0	1
80.95	0	0.0	0.0	0.0	0.0	0.05	0.0	1	1953	-50.4	763.1	0.46	0.0	1
81.05	0	0.0	0.0	0.0	0.0	0.05	0.0	1	1953	-50.4	763.1	0.46	0.0	1
81.15	0	0.0	0.0	0.0	0.0	0.05	0.0	1	1953	-50.4	763.1	0.46	0.0	1
81.25	0	0.0	0.0	0.0	0.0	0.05	0.0	1	1953	-50.4	763.1	0.46	0.0	1
81.35	0	0.0	0.0	0.0	0.0	0.05	0.0	1	1953	-50.4	763.1	0.46	0.0	1
81.45	0	0.0	0.0	0.0	0.0	0.05	0.0	1	1953	-50.4	763.1	0.46	0.0	1
81.55	0	0.0	0.0	0.0	0.0	0.05	0.0	1	1953	-50.4	763.1	0.46	0.0	1
81.65	0	0.0	0.0	0.0	0.0	0.05	0.0	1	1953	-50.4	763.1	0.46	0.0	1
81.75	0	0.0	0.0	0.0	0.0	0.05	0.0	1	1953	-50.4	763.1	0.46	0.0	1
81.85	0	0.0	0.0	0.0	0.0	0.05	0.0	1	1953	-50.4	763.1	0.46	0.0	1
81.95	0	0.0	0.0	0.0	0.0	0.05	0.0	1	1953	-50.4	763.2	0.46	0.0	1
82.05	0	0.0	0.0	0.0	0.0	0.05	0.0	1	1953	-50.4	763.2	0.46	0.0	1
82.15	0	0.0	0.0	0.0	0.0	0.05	0.0	1	1953	-50.4	763.2	0.46	0.0	1
82.25	0	0.0	0.0	0.0	0.0	0.05	0.0	1	1953	-50.4	763.2	0.46	0.0	1
82.35	0	0.0	0.0	0.0	0.0	0.05	0.0	1	1953	-50.4	763.2	0.46	0.0	1
82.45	0	0.0	0.0	0.0	0.0	0.05	0.0	1	1953	-50.4	763.2	0.46	0.0	1
82.55	0	0.0	0.0	0.0	0.0	0.05	0.0	1	1953	-50.4	763.2	0.47	0.0	1
82.65	0	0.0	0.0	0.0	0.0	0.05	0.0	1	1953	-50.4	763.2	0.47	0.0	1
82.75	0	0.0	0.0	0.0	0.0	0.05	0.0	1	1953	-50.4	763.2	0.47	0.0	1
82.85	0	0.0	0.0	0.0	0.0	0.05	0.0	1	1953	-50.4	763.2	0.47	0.0	1
82.95	0	0.0	0.0	0.0	0.0	0.05	0.0	1	1953	-50.4	763.2	0.47	0.0	1
83.05	0	0.0	0.0	0.0	0.0	0.05	0.0	1	1953	-50.4	763.2	0.47	0.0	1
83.15	0	0.0	0.0	0.0	0.0	0.05	0.0	1	1953	-50.4	763.2	0.47	0.0	1
83.25	0	0.0	0.0	0.0	0.0	0.05	0.0	1	1953	-50.4	763.2	0.47	0.0	1
83.35	0	0.0	0.0	0.0	0.0	0.05	0.0	1	1953	-50.4	763.2	0.47	0.0	1
83.48	0	0.0	0.0	0.0	0.0	0.05	0.0	1	1953	-50.4	763.2	0.47	0.0	1
83.58	0	0.0	0.0	0.0	0.0	0.05	0.0	1	1953	-50.4	763.2	0.47	0.0	1
83.68	0	0.0	0.0	0.0	0.0	0.05	0.0	1	1953	-50.4	763.2	0.47	0.0	1
83.78	0	0.0	0.0	0.0	0.0	0.05	0.0	1	1953	-50.4	763.2	0.47	0.0	1
83.88	0	0.0	0.0	0.0	0.0	0.05	0.0	1	1953	-50.4	763.2	0.47	0.0	1
83.98	0	0.0	0.0	0.0	0.0	0.05	0.0	1	1953	-50.4	763.2	0.47	0.0	1
84.08	0	0.0	0.0	0.0	0.0	0.05	0.0	1	1953	-50.4	763.2	0.47	0.0	1
84.18	0	0.0	0.0	0.0	0.0	0.05	0.0	1	1953	-50.4	763.2	0.47	0.0	1
84.28	0	0.0	0.0	0.0	0.0	0.05	0.0	1	1953	-50.4	763.2	0.47	0.0	1
84.38	0	0.0	0.0	0.0	0.0	0.05	0.0	1	1953	-50.4	763.2	0.47	0.0	1
84.48	0	0.0	0.0	0.0	0.0	0.05	0.0	1	1953	-50.4	763.2	0.48	0.0	1
84.58	0	0.0	0.0	0.0	0.0	0.05	0.0	1	1953	-50.4	763.2	0.48	0.0	1
84.68	0	0.0	0.0	0.0	0.0	0.05	0.0	1	1953	-50.4	763.2	0.48	0.0	1
84.78	0	0.0	0.0	0.0	0.0	0.05	0.0	1	1953	-50.4	763.2	0.48	0.0	1
84.88	0	0.0	0.0	0.0	0.0	0.05	0.0	1	1953	-50.4	763.2	0.48	0.0	1
84.98	0	0.0	0.0	0.0	0.0	0.05	0.0	1	1953	-50.4	763.2	0.48	0.0	1
85.08	0	0.0	0.0	0.0	0.0	0.05	0.0	1	1953	-50.4	763.2	0.48	0.0	1
85.18	0	0.0	0.0	0.0	0.0	0.05	0.0	1	1953	-50.4	763.2	0.48	0.0	1
85.28	0	0.0	0.0	0.0	0.0	0.05	0.0	1	1953	-50.4	763.2	0.48	0.0	1
85.38	0	0.0	0.0	0.0	0.0	0.05	0.0	1	1953	-50.4	763.2	0.48	0.0	1
85.48	0	0.0	0.0	0.0	0.0	0.05	0.0	1	1953	-50.4	763.2	0.48	0.0	1
85.58	0	0.0	0.0	0.0	0.0	0.05	0.0	1	1953	-50.4	763.2	0.48	0.0	1
85.68	0	0.0	0.0	0.0	0.0	0.05	0.0	1	1953	-50.4	763.2	0.48	0.0	1
85.77	0	0.0	0.0	0.0	0.0	0.05	0.0	1	1953	-50.4	763.2	0.48	0.0	1
85.88	0	0.0	0.0	0.0	0.0	0.05	0.0	1	1953	-50.4	763.2	0.48	0.0	1
85.98	0	0.0	0.0	0.0	0.0	0.05	0.0	1	1953	-50.4	763.2	0.48	0.0	1
86.08	0	0.0	0.0	0.0	0.0	0.05	0.0	1	1953	-50.4	763.2	0.48	0.0	1
86.17	0	0.0	0.0	0.0	0.0	0.05	0.0	1	1953	-50.4	763.2	0.48	0.0	1
86.28	0	0.0	0.0	0.0	0.0	0.05	0.0	1	1953	-50.4	763.2	0.48	0.0	1
86.41	0	0.0	0.0	0.0	0.0	0.05	0.0	1	1953	-50.4	763.2	0.48	0.0	1
86.51	0	0.0	0.0	0.0	0.0	0.05	0.0	1	1953	-50.4	763.2	0.49	0.0	1
86.61	0	0.0	0.0	0.0	0.0	0.05	0.0	1	1953	-50.4	763.2	0.49	0.0	1
86.71	0	0.0	0.0	0.0	0.0	0.05	0.0	1	1953	-50.4	763.2	0.49	0.0	1
86.81	0	0.0	0.0	0.0	0.0	0.05	0.0	1	1953	-50.4	763.2	0.49	0.0	1
86.91	0	0.0	0.0	0.0	0.0	0.05	0.0	1	1953	-50.4	763.2	0.49	0.0	1
87.01	0	0.0	0.0	0.0	0.0	0.05	0.0	1	1953	-50.4	763.2	0.49	0.0	1
87.11	0	0.0	0.0	0.0	0.0	0.05	0.0	1	1953	-50.4	763.2	0.49	0.0	1
87.21	0	0.0	0.0	0.0	0.0	0.05	0.0	1	1953	-50.4	763.2	0.49	0.0	1
87.31	0	0.0	0.0	0.0	0.0	0.05	0.0	1	1953	-50.4	763.2	0.49	0.0	1
87.41	0	0.0	0.0	0.0	0.0	0.05	0.0	1	1953	-50.4	763.2	0.49	0.0	1
87.51	0	0.0	0.0	0.0	0.0	0.05	0.0	1	1953	-50.4	763.2	0.49	0.0	1
87.61	0	0.0	0.0	0.0	0.0	0.05	0.0	1	1953	-50.4	763.2	0.49	0.0	1
87.71	0	0.0	0.0	0.0	0.0	0.05	0.0	1	1953	-50.4	763.2	0.49	0.0	1
87.81	0	0.0	0.0	0.0	0.0	0.05	0.0	1	1953	-50.4	763.2	0.49	0.0	1
87.91	0	0.0	0.0	0.0	0.0	0.05	0.0	1	1953	-50.4	763.2	0.49	0.0	1
88.01	0	0.0	0.0	0.0	0.0	0.05	0.0	1	1953	-50.4	763.2	0.49	0.0	1
88.11	0	0.0	0.0	0.0	0.0	0.05	0.0	1	1953	-50.4	763.2	0.49	0.0	1
88.21	0	0.0	0.0	0.0	0.0	0.05	0.0	1	1953	-50.4	763.2	0.49	0.0	1
88.31	0	0.0	0.0	0.0	0.0	0.05	0.0	1	1953	-50.4	763.2	0.49	0.0	1
88.41	0	0.0	0.0	0.0	0.0	0.05	0.0	1	1953	-50.4	763.2	0.5	0.0	1
88.51	0	0.0	0.0	0.0	0.0	0.05	0.0	1	1953	-50.4	763.2	0.5	0.0	1
88.61	0	0.0	0.0	0.0	0.0	0.05	0.0	1	1953	-50.4	763.2	0.5	0.0	1
88.71	0	0.0	0.0	0.0	0.0	0.05	0.0	1	1953	-50.4	763.2	0.5	0.0	1
88.81	0	0.0	0.0	0.0	0.0	0.05	0.0	1	1953	-50.4	763.2	0.5	0.0	1
88.91	0	0.0	0.0	0.0	0.0	0.05	0.0	1	1953	-50.4	763.2	0.5	0.0	1
89.01	0	0.0	0.0	0.0	0.0	0.05	0.0	1	1953	-50.4	763.2	0.5	0.0	1
89.11	0	0.0	0.0	0.0	0.0	0.05	0.0	1	1953	-50.4	763.2	0.5	0.0	1
89.21	0	0.0	0.0	0.0	0.0	0.05	0.0	1	1953	-50.4	763.2	0.5	0.0	1
89.31	0	0.0	0.0	0.0	0.0	0.05	0.0	1	1953	-50.4	763.2	0.5	0.0	1
89.41	0	0.0	0.0	0.0	0.0	0.05	0.0	1	1953	-50.4	763.2	0.5	0.0	1
89.51	0	0.0	0.0	0.0	0.0	0.05	0.0	1	1953	-50.4	763.2	0.5	0.0	1
89.61	0	0.0	0.0	0.0	0.0	0.05	0.0	1	1953	-50.4	763.2	0.5	0.0	1
89.71	0	0.0	0.0	0.0	0.0	0.05	0.0	1	1953	-50.4	763.2	0.5	0.0	1
89.81	0	0.0	0.0	0.0	0.0	0.05	0.0	1	1953	-50.4	763.2	0.5	0.0	1
89.91	0	0.0	0.0	0.0	0.0	0.05	0.0	1	1953	-50.4	763.2	0.5	0.0	1
90.01	0	0.0	0.0	0.0	0.0	0.05	0.0	1	1953	-50.4	763.2	0.5	0.0	1
90.11	0	0.0	0.0	0.0	0.0	0.05	0.0	1	1953	-50.4	763.2	0.5	0.0	1
90.21	0	0.0	0.0	0.0	0.0	0.05	0.0	1	1953	-50.4	763.2	0.5	0.0	1
90.31	0	0.0	0.0	0.0	0.0	0.05	0.0	1	1953	-50.4	763.2	0.5	0.0	1
90.41	0	0.0	0.0	0.0	0.0	0.05	0.0	1	1953	-50.4	763.2	0.51	0.0	1
90.51	0	0.0	0.0	0.0	0.0	0.05	0.0	1	1953	-50.4	763.2	0.51	0.0	1
90.61	0	0.0	0.0	0.0	0.0	0.05	0.0	1	1953	-50.4	763.2	0.51	0.0	1
90.71	0	0.0	0.0	0.0	0.0	0.05	0.0	1	1953	-50.4	763.2	0.51	0.0	1
90.81	0	0.0	0.0	0.0	0.0	0.05	0.0	1	1953	-50.4	763.2	0.51	0.0	1
90.91	0	0.0	0.0	0.0	0.0	0.05	0.0	1	1953	-50.4	763.2	0.51	0.0	1
91.01	0	0.0	0.0	0.0	0.0	0.05	0.0	1	1953	-50.4	763.2	0.51	0.0	1
91.11	0	0.0	0.0	0.0	0.0	0.05	0.0	1	1953	-50.4	763.2	0.51	0.0	1
91.21	0	0.0	0.0	0.0	0.0	0.05	0.0	1	1953	-50.4	763.2	0.51	0.0	1
91.31	0	0.0	0.0	0.0	0.0	0.05	0.0	1	1953	-50.4	763.2	0.51	0.0	1
91.41	0	0.0	0.0	0.0	0.0	0.05	0.0	1	1953	-50.4	763.2	0.51	0.0	1
91.51	0	0.0	0.0	0.0	0.0	0.05	0.0	1	1953	-50.4	763.2	0.51	0.0	1
91.61	0	0.0	0.0	0.0	0.0	0.05	0.0	1	1953	-50.4	763.2	0.51	0.0	1
91.71	0	0.0	0.0	0.0	0.0	0.05	0.0	1	1953	-50.4	763.2	0.51	0.0	1
91.81	0	0.0	0.0	0.0	0.0	0.05	0.0	1	1953	-50.4	763.2	0.51	0.0	1
91.91	0	0.0	0.0	0.0	0.0	0.05	0.0	1	1953	-50.4	763.2	0.51	0.0	1
92.01	0	0.0	0.0	0.0	0.0	0.05	0.0	1	1953	-50.4	763.2	0.51	0.0	1
92.11	0	0.0	0.0	0.0	0.0	0.05	0.0	1	1953	-50.4	763.2	0.51	0.0	1
92.21	0	0.0	0.0	0.0	0.0	0.05	0.0	1	1953	-50.4	763.2	0.51	0.0	1
92.31	0	0.0	0.0	0.0	0.0	0.05	0.0	1	1953	-50.4	763.2	0.51	0.0	1
92.41	0	0.0	0.0	0.0	0.0	0.05	0.0	1	1953	-50.4	763.2	0.52	0.0	1
92.51	0	0.0	0.0	0.0	0.0	0.05	0.0	1	1953	-50.4	763.2	0.52	0.0	1
92.61	0	0.0	0.0	0.0	0.0	0.05	0.0	1	1953	-50.4	763.2	0.52	0.0	1
92.71	0	0.0	0.0	0.0	0.0	0.05	0.0	1	1953	-50.4	763.2	0.52	0.0	1
92.81	0	0.0	0.0	0.0	0.0	0.05	0.0	1	1953	-50.4	763.2	0.52	0.0	1
92.91	0	0.0	0.0	0.0	0.0	0.05	0.0	1	1953	-50.4	763.2	0.52	0.0	1
93.01	0	0.0	0.0	0.0	0.0	0.05	0.0	1	1953	-50.4	763.2	0.52	0.0	1
93.11	0	0.0	0.0	0.0	0.0	0.05	0.0	1	1953	-50.4	763.2	0.52	0.0	1
93.21	0	0.0	0.0	0.0	0.0	0.05	0.0	1	1953	-50.4	763.2	0.52	0.0	1
93.31	0	0.0	0.0	0.0	0.0	0.05	0.0	1	1953	-50.4	763.2	0.52	0.0	1
93.41	0	0.0	0.0	0.0	0.0	0.05	0.0	1	1953	-50.4	763.2	0.52	0.0	1
93.51	0	0.0	0.0	0.0	0.0	0.05	0.0	1	1953	-50.4	763.2	0.52	0.0	1
93.61	0	0.0	0.0	0.0	0.0	0.05	0.0	1	1953	-50.4	763.2	0.52	0.0	1
93.71	0	0.0	0.0	0.0	0.0	0.05	0.0	1	1953	-50.4	763.2	0.52	0.0	1
93.81	0	0.0	0.0	0.0	0.0	0.05	0.0	1	1953	-50.4	763.2	0.52	0.0	1
93.91	0	0.0	0.0	0.0	0.0	0.05	0.0	1	1953	-50.4	763.2	0.52	0.0	1
94.01	0	0.0	0.0	0.0	0.0	0.05	0.0	1	1953	-50.4	763.2	0.52	0.0	1
94.11	0	0.0	0.0	0.0	0.0	0.05	0.0	1	1953	-50.4	763.2	0.52	0.0	1
94.21	0	0.0	0.0	0.0	0.0	0.05	0.0	1	1953	-50.4	763.2	0.52	0.0	1
94.31	0	0.0	0.0	0.0	0.0	0.05	0.0	1	1953	-50.4	763.2	0.52	0.0	1
94.41	0	0.0	0.0	0.0	0.0	0.05	0.0	1	1953	-50.4	763.2	0.53	0.0	1
94.51	0	0.0	0.0	0.0	0.0	0.05	0.0	1	1953	-50.4	763.2	0.53	0.0	1
94.61	0	0.0	0.0	0.0	0.0	0.05	0.0	1	1953	-50.4	763.2	0.53	0.0	1
94.71	0	0.0	0.0	0.0	0.0	0.05	0.0	1	1953	-50.4	763.2	0.53	0.0	1
94.81	0	0.0	0.0	0.0	0.0	0.05	0.0	1	1953	-50.4	763.2	0.53	0.0	1
94.91	0	0.0	0.0	0.0	0.0	0.05	0.0	1	1953	-50.4	763.2	0.53	0.0	1
95.01	0	0.0	0.0	0.0	0.0	0.05	0.0	1	1953	-50.4	763.2	0.53	0.0	1
95.11	0	0.0	0.0	0.0	0.0	0.05	0.0	1	1953	-50.4	763.2	0.53	0.0	1
95.21	0	0.0	0.0	0.0	0.0	0.05	0.0	1	1953	-50.4	763.2	0.53	0.0	1
95.31	0	0.0	0.0	0.0	0.0	0.05	0.0	1	1953	-50.4	763.2	0.53	0.0	1
95.41	0	0.0	0.0	0.0	0.0	0.05	0.0	1	1953	-50.4	763.2	0.53	0.0	1
95.51	0	0.0	0.0	0.0	0.0	0.05	0.0	1	1953	-50.4	763.2	0.53	0.0	1
95.61	0	0.0	0.0	0.0	0.0	0.05	0.0	1	1953	-50.4	763.2	0.53	0.0	1
95.71	0	0.0	0.0	0.0	0.0	0.05	0.0	1	1953	-50.4	763.2	0.53	0.0	1
95.83	0	0.0	0.0	0.0	0.0	0.05	0.0	1	1953	-50.4	763.2	0.53	0.0	1
95.92	0	0.0	0.0	0.0	0.0	0.05	0.0	1	1953	-50.4	763.2	0.53	0.0	1
96.02	0	0.0	0.0	0.0	0.0	0.05	0.0	1	1953	-50.4	763.2	0.53	0.0	1
96.12	0	0.0	0.0	0.0	0.0	0.05	0.0	1	1953	-50.4	763.2	0.53	0.0	1
96.25	0	0.0	0.0	0.0	0.0	0.05	0.0	1	1953	-50.4	763.2	0.53	0.0	1
96.35	0	0.0	0.0	0.0	0.0	0.05	0.0	1	1953	-50.4	763.2	0.53	0.0	1
96.47	0	0.0	0.0	0.0	0.0	0.05	0.0	1	1953	-50.4	763.2	0.54	0.0	1
96.57	0	0.0	0.0	0.0	0.0	0.05	0.0	1	1953	-50.4	763.2	0.54	0.0	1
96.67	0	0.0	0.0	0.0	0.0	0.05	0.0	1	1953	-50.4	763.2	0.54	0.0	1
96.77	0	0.0	0.0	0.0	0.0	0.05	0.0	1	1953	-50.4	763.2	0.54	0.0	1
96.87	0	0.0	0.0	0.0	0.0	0.05	0.0	1	1953	-50.4	763.2	0.54	0.0	1
96.97	0	0.0	0.0	0.0	0.0	0.05	0.0	1	1953	-50.4	763.2	0.54	0.0	1
97.08	0	0.0	0.0	0.0	0.0	0.05	0.0	1	1953	-50.4	763.2	0.54	0.0	1
97.18	0	0.0	0.0	0.0	0.0	0.05	0.0	1	1953	-50.4	763.2	0.54	0.0	1
97.28	0	0.0	0.0	0.0	0.0	0.05	0.0	1	1953	-50.4	763.2	0.54	0.0	1
97.38	0	0.0	0.0	0.0	0.0	0.05	0.0	1	1953	-50.4	763.2	0.54	0.0	1
97.48	0	0.0	0.0	0.0	0.0	0.05	0.0	1	1953	-50.4	763.2	0.54	0.0	1
97.58	0	0.0	0.0	0.0	0.0	0.05	0.0	1	1953	-50.4	763.2	0.54	0.0	1
97.68	0	0.0	0.0	0.0	0.0	0.05	0.0	1	1953	-50.4	763.2	0.54	0.0	1
97.78	0	0.0	0.0	0.0	0.0	0.05	0.0	1	1953	-50.4	763.2	0.54	0.0	1
97.88	0	0.0	0.0	0.0	0.0	0.05	0.0	1	1953	-50.4	763.2	0.54	0.0	1
97.98	0	0.0	0.0	0.0	0.0	0.05	0.0	1	1953	-50.4	763.2	0.54	0.0	1
98.08	0	0.0	0.0	0.0	0.0	0.05	0.0	1	1953	-50.4	763.2	0.54	0.0	1
98.18	0	0.0	0.0	0.0	0.0	0.05	0.0	1	1953	-50.4	763.2	0.54	0.0	1
98.28	0	0.0	0.0	0.0	0.0	0.05	0.0	1	1953	-50.4	763.2	0.54	0.0	1
98.38	0	0.0	0.0	0.0	0.0	0.05	0.0	1	1953	-50.4	763.2	0.54	0.0	1
98.48	0	0.0	0.0	0.0	0.0	0.05	0.0	1	1953	-50.4	763.2	0.55	0.0	1
98.58	0	0.0	0.0	0.0	0.0	0.05	0.0	1	1953	-50.4	763.2	0.55	0.0	1
98.68	0	0.0	0.0	0.0	0.0	0.05	0.0	1	1953	-50.4	763.2	0.55	0.0	1
98.79	0	0.0	0.0	0.0	0.0	0.05	0.0	1	1953	-50.4	763.2	0.55	0.0	1
98.89	0	0.0	0.0	0.0	0.0	0.05	0.0	1	1953	-50.4	763.2	0.55	0.0	1
98.99	0	0.0	0.0	0.0	0.0	0.05	0.0	1	1953	-50.4	763.2	0.55	0.0	1
99.09	0	0.0	0.0	0.0	0.0	0.05	0.0	1	1953	-50.4	763.2	0.55	0.0	1
99.19	0	0.0	0.0	0.0	0.0	0.05	0.0	1	1953	-50.4	763.2	0.55	0.0	1
99.29	0	0.0	0.0	0.0	0.0	0.05	0.0	1	1953	-50.4	763.2	0.55	0.0	1
99.39	0	0.0	0.0	0.0	0.0	0.05	0.0	1	1953	-50.4	763.2	0.55	0.0	1
99.49	0	0.0	0.0	0.0	0.0	0.05	0.0	1	1953	-50.4	763.2	0.55	0.0	1
99.59	0	0.0	0.0	0.0	0.0	0.05	0.0	1	1953	-50.4	763.2	0.55	0.0	1
99.69	0	0.0	0.0	0.0	0.0	0.05	0.0	1	1953	-50.4	763.2	0.55	0.0	1
99.79	0	0.0	0.0	0.0	0.0	0.05	0.0	1	1953	-50.4	763.3	0.55	0.0	1
99.89	0	0.0	0.0	0.0	0.0	0.05	0.0	1	1953	-50.4	763.3	0.55	0.0	1
99.99	0	0.0	0.0	0.0	0.0	0.05	0.0	1	1953	-50.4	763.3	0.55	0.0	1
100.09	0	0.0	0.0	0.0	0.0	0.05	0.0	1	1953	-50.4	763.3	0.55	0.0	1
100.19	0	0.0	0.0	0.0	0.0	0.05	0.0	1	1953	-50.4	763.3	0.55	0.0	1
100.29	0	0.0	0.0	0.0	0.0	0.05	0.0	1	1953	-50.4	763.3	0.55	0.0	1
100.39	0	0.0	0.0	0.0	0.0	0.05	0.0	1	1953	-50.4	763.3	0.55	0.0	1
100.49	0	0.0	0.0	0.0	0.0	0.05	0.0	1	1953	-50.4	763.3	0.56	0.0	1
100.59	0	0.0	0.0	0.0	0.0	0.05	0.0	1	1953	-50.4	763.3	0.56	0.0	1
100.69	0	0.0	0.0	0.0	0.0	0.05	0.0	1	1953	-50.4	763.3	0.56	0.0	1
100.79	0	0.0	0.0	0.0	0.0	0.05	0.0	1	1953	-50.4	763.3	0.56	0.0	1
100.89	0	0.0	0.0	0.0	0.0	0.05	0.0	1	1953	-50.4	763.3	0.56	0.0	1
100.99	0	0.0	0.0	0.0	0.0	0.05	0.0	1	1953	-50.4	763.3	0.56	0.0	1
101.09	0	0.0	0.0	0.0	0.0	0.05	0.0	1	1953	-50.4	763.3	0.56	0.0	1
101.19	0	0.0	0.0	0.0	0.0	0.05	0.0	1	1953	-50.4	763.3	0.56	0.0	1
101.29	0	0.0	0.0	0.0	0.0	0.05	0.0	1	1953	-50.4	763.3	0.56	0.0	1
101.39	0	0.0	0.0	0.0	0.0	0.05	0.0	1	1953	-50.4	763.3	0.56	0.0	1
101.49	0	0.0	0.0	0.0	0.0	0.05	0.0	1	1953	-50.4	763.3	0.56	0.0	1
101.59	0	0.0	0.0	0.0	0.0	0.05	0.0	1	1953	-50.4	763.3	0.56	0.0	1
101.69	0	0.0	0.0	0.0	0.0	0.05	0.0	1	1953	-50.4	763.3	0.56	0.0	1
101.79	0	0.0	0.0	0.0	0.0	0.05	0.0	1	1953	-50.4	763.3	0.56	0.0	1
101.89	0	0.0	0.0	0.0	0.0	0.05	0.0	1	1953	-50.4	763.3	0.56	0.0	1
101.99	0	0.0	0.0	0.0	0.0	0.05	0.0	1	1953	-50.4	763.3	0.56	0.0	1
102.09	0	0.0	0.0	0.0	0.0	0.05	0.0	1	1953	-50.4	763.3	0.56	0.0	1
102.19	0	0.0	0.0	0.0	0.0	0.05	0.0	1	1953	-50.4	763.3	0.56	0.0	1
102.29	0	0.0	0.0	0.0	0.0	0.05	0.0	1	1953	-50.4	763.3	0.56	0.0	1
102.39	0	0.0	0.0	0.0	0.0	0.05	0.0	1	1953	-50.5	763.3	0.56	0.0	1
102.49	0	0.0	0.0	0.0	0.0	0.05	0.0	1	1953	-50.5	763.3	0.56	0.0	1
102.59	0	0.0	0.0	0.0	0.0	0.05	0.0	1	1953	-50.5	763.3	0.57	0.0	1
102.69	0	0.0	0.0	0.0	0.0	0.05	0.0	1	1953	-50.5	763.3	0.57	0.0	1
102.79	0	0.0	0.0	0.0	0.0	0.05	0.0	1	1953	-50.5	763.3	0.57	0.0	1
102.89	0	0.0	0.0	0.0	0.0	0.05	0.0	1	1953	-50.5	763.3	0.57	0.0	1
102.99	0	0.0	0.0	0.0	0.0	0.05	0.0	1	1953	-50.5	763.3	0.57	0.0	1
103.09	0	0.0	0.0	0.0	0.0	0.05	0.0	1	1953	-50.5	763.3	0.57	0.0	1
103.19	0	0.0	0.0	0.0	0.0	0.05	0.0	1	1953	-50.5	763.3	0.57	0.0	1
103.29	0	0.0	0.0	0.0	0.0	0.05	0.0	1	1953	-50.5	763.3	0.57	0.0	1
103.39	0	0.0	0.0	0.0	0.0	0.05	0.0	1	1953	-50.5	763.3	0.57	0.0	1
103.49	0	0.0	0.0	0.0	0.0	0.05	0.0	1	1953	-50.5	763.3	0.57	0.0	1
103.59	0	0.0	0.0	0.0	0.0	0.05	0.0	1	1953	-50.5	763.3	0.57	0.0	1
103.69	0	0.0	0.0	0.0	0.0	0.05	0.0	1	1953	-50.5	763.3	0.57	0.0	1
103.79	0	0.0	0.0	0.0	0.0	0.05	0.0	1	1953	-50.5	763.3	0.57	0.0	1
103.89	0	0.0	0.0	0.0	0.0	0.05	0.0	1	1953	-50.5	763.3	0.57	0.0	1
103.99	0	0.0	0.0	0.0	0.0	0.05	0.0	1	1953	-50.5	763.3	0.57	0.0	1
104.09	0	0.0	0.0	0.0	0.0	0.05	0.0	1	1953	-50.5	763.3	0.57	0.0	1
104.19	0	0.0	0.0	0.0	0.0	0.05	0.0	1	1953	-50.5	763.3	0.57	0.0	1
104.29	0	0.0	0.0	0.0	0.0	0.05	0.0	1	1953	-50.5	763.3	0.57	0.0	1
104.39	0	0.0	0.0	0.0	0.0	0.05	0.0	1	1953	-50.5	763.3	0.57	0.0	1
104.49	0	0.0	0.0	0.0	0.0	0.05	0.0	1	1953	-50.5	763.3	0.57	0.0	1
104.59	0	0.0	0.0	0.0	0.0	0.05	0.0	1	1953	-50.5	763.3	0.58	0.0	1
104.69	0	0.0	0.0	0.0	0.0	0.05	0.0	1	1953	-50.5	763.3	0.58	0.0	1
