512 251 38 30
32 0 0 10 1 0 30 10.172
33 11 0 13 23 0 7 12.828
34 25 0 15 23 0 7 14.719
35 41 0 27 23 0 7 26.812
36 69 0 20 30 0 5 20.359
37 90 0 30 23 0 7 30.406
38 121 0 25 23 0 7 24.953
39 147 0 9 23 0 7 8.797
40 157 0 12 29 0 6 12.484
41 170 0 12 29 0 6 12.484
42 183 0 16 23 0 7 16.000
43 200 0 27 21 0 9 26.812
44 228 0 10 8 0 26 10.172
45 239 0 12 10 0 20 11.547
46 252 0 10 4 0 26 10.172
47 263 0 11 26 0 7 10.781
48 275 0 20 23 0 7 20.359
49 296 0 20 23 0 7 20.359
50 317 0 20 23 0 7 20.359
51 338 0 20 23 0 7 20.359
52 359 0 20 23 0 7 20.359
53 380 0 20 23 0 7 20.359
54 401 0 20 23 0 7 20.359
55 422 0 20 23 0 7 20.359
56 443 0 20 23 0 7 20.359
57 464 0 20 23 0 7 20.359
58 485 0 11 17 0 13 10.781
59 497 0 11 21 0 13 10.781
60 0 31 27 19 0 11 26.812
61 28 31 27 15 0 15 26.812
62 56 31 27 19 0 11 26.812
63 84 31 17 23 0 7 16.984
64 102 31 32 28 0 7 32.000
65 135 31 22 23 0 7 21.891
66 158 31 22 23 0 7 21.953
67 181 31 22 23 0 7 22.344
68 204 31 25 23 0 7 24.641
69 230 31 20 23 0 7 20.219
70 251 31 18 23 0 7 18.406
71 270 31 25 23 0 7 24.797
72 296 31 24 23 0 7 24.062
73 321 31 9 23 0 7 9.438
74 331 31 11 29 -2 7 9.438
75 343 31 22 23 0 7 20.984
76 366 31 18 23 0 7 17.828
77 385 31 28 23 0 7 27.609
78 414 31 24 23 0 7 23.938
79 439 31 25 23 0 7 25.188
80 465 31 19 23 0 7 19.297
81 485 31 25 27 0 7 25.188
82 0 61 22 23 0 7 22.234
83 23 61 20 23 0 7 20.312
84 44 61 21 23 -1 7 19.547
85 66 61 23 23 0 7 23.422
86 90 61 22 23 0 7 21.891
87 113 61 32 23 0 7 31.641
88 146 61 22 23 0 7 21.922
89 169 61 21 23 -1 7 19.547
90 191 61 22 23 0 7 21.922
91 214 61 12 29 0 6 12.484
92 227 61 11 26 0 7 10.781
93 239 61 12 29 0 6 12.484
94 252 61 27 23 0 7 26.812
95 280 61 18 8 -1 30 16.000
96 299 61 16 26 0 4 16.000
97 316 61 20 18 0 12 19.609
98 337 61 20 24 0 6 20.312
99 358 61 18 18 0 12 17.594
100 377 61 20 24 0 6 20.312
101 398 61 20 18 0 12 19.688
102 419 61 12 24 0 6 11.266
103 432 61 20 25 0 12 20.312
104 453 61 20 24 0 6 20.281
105 474 61 9 24 0 6 8.891
106 484 61 10 31 -1 6 8.891
107 0 93 19 24 0 6 18.531
108 20 93 9 24 0 6 8.891
109 30 93 31 18 0 12 31.172
110 62 93 20 18 0 12 20.281
111 83 93 20 18 0 12 19.578
112 104 93 20 25 0 12 20.312
113 125 93 20 25 0 12 20.312
114 146 93 14 18 0 12 13.156
115 161 93 17 18 0 12 16.672
116 179 93 13 23 0 7 12.547
117 193 93 20 18 0 12 20.281
118 214 93 19 18 0 12 18.938
119 234 93 26 18 0 12 26.172
120 261 93 19 18 0 12 18.938
121 281 93 19 25 0 12 18.938
122 301 93 17 18 0 12 16.797
123 319 93 20 30 0 6 20.359
124 340 93 11 32 0 6 10.781
125 352 93 20 30 0 6 20.359
126 373 93 27 14 0 16 26.812
160 401 93 10 1 0 30 10.172
161 412 93 13 23 0 12 12.828
162 426 93 20 27 0 8 20.359
163 447 93 20 23 0 7 20.359
164 468 93 20 20 0 10 20.359
165 489 93 20 23 0 7 20.359
166 0 126 11 28 0 7 10.781
167 12 126 16 26 0 7 16.000
168 29 126 16 24 0 6 16.000
169 46 126 32 23 0 7 32.000
170 79 126 15 23 0 7 15.078
171 95 126 20 17 0 13 19.578
172 116 126 27 13 0 17 26.812
173 144 126 1 1 0 30 0.000
174 146 126 32 23 0 7 32.000
175 179 126 16 24 0 6 16.000
176 196 126 16 23 0 7 16.000
177 213 126 27 20 0 10 26.812
178 241 126 13 23 0 7 12.828
179 255 126 13 23 0 7 12.828
180 269 126 16 26 0 4 16.000
181 286 126 20 25 0 12 20.359
182 307 126 20 26 0 7 20.359
183 328 126 10 13 0 17 10.172
184 339 126 16 6 0 30 16.000
185 356 126 13 23 0 7 12.828
186 370 126 15 23 0 7 15.078
187 386 126 20 17 0 13 19.578
188 407 126 31 23 0 7 31.016
189 439 126 31 23 0 7 31.016
190 471 126 31 23 0 7 31.016
191 0 155 17 25 0 12 16.984
192 18 155 22 30 0 0 21.891
193 41 155 22 30 0 0 21.891
194 64 155 22 30 0 0 21.891
195 87 155 22 30 0 0 21.891
196 110 155 22 29 0 1 21.891
197 133 155 22 30 0 0 21.891
198 156 155 31 23 0 7 31.172
199 188 155 22 29 0 7 22.344
200 211 155 20 30 0 0 20.219
201 232 155 20 30 0 0 20.219
202 253 155 20 30 0 0 20.219
203 274 155 20 29 0 1 20.219
204 295 155 9 30 0 0 9.438
205 305 155 9 30 0 0 9.438
206 315 155 11 30 -1 0 9.438
207 327 155 10 29 0 1 9.438
208 338 155 25 23 0 7 24.797
209 364 155 24 30 0 0 23.938
210 389 155 25 30 0 0 25.188
211 415 155 25 30 0 0 25.188
212 441 155 25 30 0 0 25.188
213 467 155 25 30 0 0 25.188
214 0 186 25 29 0 1 25.188
215 26 186 27 19 0 11 26.812
216 54 186 25 25 0 6 25.188
217 80 186 23 30 0 0 23.422
218 104 186 23 30 0 0 23.422
219 128 186 23 30 0 0 23.422
220 152 186 23 29 0 1 23.422
221 176 186 21 30 -1 0 19.547
222 198 186 19 23 0 7 19.359
223 218 186 20 24 0 6 20.156
224 239 186 20 26 0 4 19.609
225 260 186 20 26 0 4 19.609
226 281 186 20 26 0 4 19.609
227 302 186 20 25 0 5 19.609
228 323 186 20 24 0 6 19.609
229 344 186 20 29 0 1 19.609
230 365 186 31 18 0 12 31.422
231 397 186 18 24 0 12 17.594
232 416 186 20 26 0 4 19.688
233 437 186 20 26 0 4 19.688
234 458 186 20 26 0 4 19.688
235 479 186 20 24 0 6 19.688
236 500 186 10 26 -1 4 8.891
237 0 217 10 26 0 4 8.891
238 11 217 11 26 -1 4 8.891
239 23 217 11 24 -1 6 8.891
240 35 217 20 24 0 6 19.578
241 56 217 20 25 0 5 20.281
242 77 217 20 26 0 4 19.578
243 98 217 20 26 0 4 19.578
244 119 217 20 26 0 4 19.578
245 140 217 20 25 0 5 19.578
246 161 217 20 24 0 6 19.578
247 182 217 27 19 0 11 26.812
248 210 217 20 22 0 10 19.578
249 231 217 20 26 0 4 20.281
250 252 217 20 26 0 4 20.281
251 273 217 20 26 0 4 20.281
252 294 217 20 24 0 6 20.281
253 315 217 19 33 0 4 18.938
254 335 217 20 31 0 6 20.312
255 356 217 19 31 0 6 18.938
