512 423 48 38
32 0 0 14 1 0 38 13.922
33 15 0 18 29 0 9 18.250
34 34 0 21 29 0 9 20.844
35 56 0 34 29 0 9 33.516
36 91 0 28 36 0 8 27.828
37 120 0 40 30 0 8 40.078
38 161 0 35 30 0 8 34.891
39 197 0 12 29 0 9 12.250
40 210 0 18 36 0 8 18.281
41 229 0 18 36 0 8 18.281
42 248 0 21 30 0 8 20.922
43 270 0 34 25 0 13 33.516
44 305 0 15 13 0 30 15.203
45 321 0 17 14 0 24 16.609
46 339 0 15 8 0 30 15.203
47 355 0 15 33 0 9 14.609
48 371 0 28 30 0 8 27.828
49 400 0 28 29 0 9 27.828
50 429 0 28 30 0 8 27.828
51 458 0 28 30 0 8 27.828
52 0 37 28 29 0 9 27.828
53 29 37 28 29 0 9 27.828
54 58 37 28 30 0 8 27.828
55 87 37 28 29 0 9 27.828
56 116 37 28 30 0 8 27.828
57 145 37 28 30 0 8 27.828
58 174 37 16 22 0 16 16.000
59 191 37 16 27 0 16 16.000
60 208 37 34 24 0 14 33.516
61 243 37 34 19 0 19 33.516
62 278 37 34 24 0 14 33.516
63 313 37 23 29 0 9 23.203
64 337 37 40 35 0 10 40.000
65 378 37 31 29 0 9 30.953
66 410 37 30 29 0 9 30.484
67 441 37 29 30 0 8 29.359
68 471 37 33 29 0 9 33.203
69 0 73 27 29 0 9 27.328
70 28 73 27 29 0 9 27.328
71 56 73 33 30 0 8 32.828
72 90 73 33 29 0 9 33.484
73 124 73 15 29 0 9 14.891
74 140 73 18 37 -3 9 14.891
75 159 73 33 29 0 9 31.000
76 193 73 25 29 0 9 25.484
77 219 73 40 29 0 9 39.812
78 260 73 33 29 0 9 33.484
79 294 73 34 30 0 8 34.000
80 329 73 29 29 0 9 29.312
81 359 73 34 36 0 8 34.000
82 394 73 31 29 0 9 30.797
83 426 73 29 30 0 8 28.812
84 456 73 28 29 0 9 27.281
85 0 111 32 29 0 9 32.484
86 33 111 31 29 0 9 30.953
87 65 111 44 29 0 9 44.125
88 110 111 31 29 0 9 30.844
89 142 111 31 29 -1 9 28.969
90 174 111 29 29 0 9 29.000
91 204 111 18 36 0 8 18.281
92 223 111 15 33 0 9 14.609
93 239 111 18 36 0 8 18.281
94 258 111 34 29 0 9 33.516
95 293 111 20 9 0 38 20.000
96 314 111 20 32 0 6 20.000
97 335 111 27 23 0 15 27.000
98 363 111 29 30 0 8 28.641
99 393 111 24 23 0 15 23.719
100 418 111 29 30 0 8 28.641
101 448 111 27 23 0 15 27.125
102 476 111 18 30 0 8 17.406
103 0 148 29 32 0 15 28.641
104 30 148 28 30 0 8 28.484
105 59 148 14 30 0 8 13.719
106 74 148 16 39 -2 8 13.719
107 91 148 28 30 0 8 26.609
108 120 148 14 30 0 8 13.719
109 135 148 42 23 0 15 41.688
110 178 148 28 23 0 15 28.484
111 207 148 27 23 0 15 27.484
112 235 148 29 31 0 15 28.641
113 265 148 29 31 0 15 28.641
114 295 148 20 23 0 15 19.734
115 316 148 24 23 0 15 23.812
116 341 148 19 28 0 10 19.125
117 361 148 28 22 0 16 28.484
118 390 148 26 22 0 16 26.078
119 417 148 37 22 0 16 36.953
120 455 148 26 22 0 16 25.797
121 482 148 26 31 0 16 26.078
122 0 188 23 22 0 16 23.281
123 24 188 28 37 0 8 28.484
124 53 188 15 40 0 7 14.609
125 69 188 28 37 0 8 28.484
126 98 188 34 17 0 21 33.516
160 133 188 14 1 0 38 13.922
161 148 188 18 29 0 16 18.250
162 167 188 28 35 0 9 27.828
163 196 188 28 30 0 8 27.828
164 225 188 25 25 0 13 25.453
165 251 188 28 29 0 9 27.828
166 280 188 15 35 0 10 14.609
167 296 188 20 34 0 8 20.000
168 317 188 20 31 0 7 20.000
169 338 188 40 29 0 9 40.000
170 379 188 23 30 0 8 22.562
171 403 188 26 21 0 17 25.844
172 430 188 34 18 0 20 33.516
173 465 188 1 1 0 38 0.000
174 467 188 40 29 0 9 40.000
175 0 229 20 30 0 8 20.000
176 21 229 20 30 0 8 20.000
177 42 229 34 25 0 13 33.516
178 77 229 18 30 0 8 17.516
179 96 229 18 30 0 8 17.516
180 115 229 20 32 0 6 20.000
181 136 229 29 30 0 16 29.438
182 166 229 25 33 0 9 25.453
183 192 229 15 18 0 20 15.203
184 208 229 20 8 0 38 20.000
185 229 229 18 30 0 8 17.516
186 248 229 23 30 0 8 22.562
187 272 229 26 21 0 17 25.844
188 299 229 41 30 0 8 41.406
189 341 229 41 30 0 8 41.406
190 383 229 41 30 0 8 41.406
191 425 229 23 31 0 16 23.203
192 449 229 31 37 0 1 30.953
193 0 267 31 37 0 1 30.953
194 32 267 31 37 0 1 30.953
195 64 267 31 37 0 1 30.953
196 96 267 31 37 0 1 30.953
197 128 267 31 37 0 1 30.953
198 160 267 43 29 0 9 43.406
199 204 267 29 38 0 8 29.359
200 234 267 27 37 0 1 27.328
201 262 267 27 37 0 1 27.328
202 290 267 27 37 0 1 27.328
203 318 267 27 37 0 1 27.328
204 346 267 15 37 0 1 14.891
205 362 267 15 37 0 1 14.891
206 378 267 15 37 0 1 14.891
207 394 267 15 37 0 1 14.891
208 410 267 34 29 0 9 33.516
209 445 267 33 37 0 1 33.484
210 0 306 34 37 0 1 34.000
211 35 306 34 37 0 1 34.000
212 70 306 34 37 0 1 34.000
213 105 306 34 37 0 1 34.000
214 140 306 34 37 0 1 34.000
215 175 306 34 24 0 14 33.516
216 210 306 34 32 0 7 34.000
217 245 306 32 37 0 1 32.484
218 278 306 32 37 0 1 32.484
219 311 306 32 37 0 1 32.484
220 344 306 32 37 0 1 32.484
221 377 306 31 37 -1 1 28.969
222 409 306 30 29 0 9 29.516
223 440 306 29 30 0 8 28.766
224 470 306 27 32 0 6 27.000
225 0 344 27 32 0 6 27.000
226 28 344 27 32 0 6 27.000
227 56 344 27 32 0 6 27.000
228 84 344 27 31 0 7 27.000
229 112 344 27 36 0 2 27.000
230 140 344 42 23 0 15 41.922
231 183 344 24 31 0 15 23.719
232 208 344 27 32 0 6 27.125
233 236 344 27 32 0 6 27.125
234 264 344 27 32 0 6 27.125
235 292 344 27 31 0 7 27.125
236 320 344 15 32 -1 6 13.719
237 336 344 16 32 0 6 13.719
238 353 344 16 32 -1 6 13.719
239 370 344 14 31 0 7 13.719
240 385 344 27 30 0 8 27.484
241 413 344 28 32 0 6 28.484
242 442 344 27 32 0 6 27.484
243 470 344 27 32 0 6 27.484
244 0 381 27 32 0 6 27.484
245 28 381 27 32 0 6 27.484
246 56 381 27 31 0 7 27.484
247 84 381 34 24 0 14 33.516
248 119 381 27 27 0 13 27.484
249 147 381 28 32 0 6 28.484
250 176 381 28 32 0 6 28.484
251 205 381 28 32 0 6 28.484
252 234 381 28 31 0 7 28.484
253 263 381 26 41 0 6 26.078
254 290 381 29 38 0 8 28.641
255 320 381 26 40 0 7 26.078
