512 93 22 17
32 0 0 6 1 0 17 5.719
33 7 0 7 13 0 4 7.219
34 15 0 8 13 0 4 8.281
35 24 0 15 14 0 3 15.078
36 40 0 11 17 0 3 11.453
37 52 0 17 13 0 4 17.109
38 70 0 14 13 0 4 14.031
39 85 0 5 13 0 4 4.953
40 91 0 7 16 0 3 7.016
41 99 0 7 16 0 3 7.016
42 107 0 9 13 0 4 9.000
43 117 0 15 12 0 5 15.078
44 133 0 6 4 0 15 5.719
45 140 0 7 6 0 11 6.500
46 148 0 6 2 0 15 5.719
47 155 0 7 15 0 4 6.062
48 163 0 11 13 0 4 11.453
49 175 0 11 13 0 4 11.453
50 187 0 11 13 0 4 11.453
51 199 0 11 13 0 4 11.453
52 211 0 11 13 0 4 11.453
53 223 0 11 13 0 4 11.453
54 235 0 11 13 0 4 11.453
55 247 0 11 13 0 4 11.453
56 259 0 11 13 0 4 11.453
57 271 0 11 13 0 4 11.453
58 283 0 6 9 0 8 6.062
59 290 0 6 11 0 8 6.062
60 297 0 15 10 0 7 15.078
61 313 0 15 9 0 8 15.078
62 329 0 15 10 0 7 15.078
63 345 0 10 13 0 4 9.547
64 356 0 18 16 0 4 18.000
65 375 0 13 13 0 4 12.312
66 389 0 12 13 0 4 12.344
67 402 0 13 13 0 4 12.562
68 416 0 14 13 0 4 13.859
69 431 0 11 13 0 4 11.375
70 443 0 10 13 0 4 10.359
71 454 0 14 13 0 4 13.953
72 469 0 14 13 0 4 13.531
73 484 0 5 13 0 4 5.312
74 490 0 6 17 -1 4 5.312
75 497 0 13 13 0 4 11.797
76 0 18 10 13 0 4 10.031
77 11 18 16 13 0 4 15.531
78 28 18 13 13 0 4 13.469
79 42 18 14 13 0 4 14.172
80 57 18 11 13 0 4 10.859
81 69 18 14 15 0 4 14.172
82 84 18 13 13 0 4 12.500
83 98 18 11 13 0 4 11.422
84 110 18 13 13 -1 4 11.000
85 124 18 13 13 0 4 13.172
86 138 18 13 13 0 4 12.312
87 152 18 18 13 0 4 17.797
88 171 18 12 13 0 4 12.328
89 184 18 13 13 -1 4 11.000
90 198 18 12 13 0 4 12.328
91 211 18 7 16 0 3 7.016
92 219 18 7 15 0 4 6.062
93 227 18 7 16 0 3 7.016
94 235 18 15 13 0 4 15.078
95 251 18 11 4 -1 17 9.000
96 263 18 9 14 0 3 9.000
97 273 18 11 10 0 7 11.031
98 285 18 11 14 0 3 11.422
99 297 18 10 10 0 7 9.891
100 308 18 11 14 0 3 11.422
101 320 18 11 10 0 7 11.078
102 332 18 7 14 0 3 6.344
103 340 18 11 14 0 7 11.422
104 352 18 11 14 0 3 11.406
105 364 18 5 14 0 3 5.000
106 370 18 6 18 -1 3 5.000
107 377 18 11 14 0 3 10.422
108 389 18 5 14 0 3 5.000
109 395 18 18 10 0 7 17.531
110 414 18 11 10 0 7 11.406
111 426 18 11 10 0 7 11.016
112 438 18 11 14 0 7 11.422
113 450 18 11 14 0 7 11.422
114 462 18 8 10 0 7 7.406
115 471 18 9 10 0 7 9.375
116 481 18 7 13 0 4 7.062
117 489 18 11 10 0 7 11.406
118 0 37 11 10 0 7 10.656
119 12 37 15 10 0 7 14.719
120 28 37 11 10 0 7 10.656
121 40 37 11 14 0 7 10.656
122 52 37 9 10 0 7 9.453
123 62 37 11 17 0 3 11.453
124 74 37 6 18 0 3 6.062
125 81 37 11 17 0 3 11.453
126 93 37 15 9 0 8 15.078
160 109 37 6 1 0 17 5.719
161 116 37 7 13 0 7 7.219
162 124 37 11 16 0 4 11.453
163 136 37 11 13 0 4 11.453
164 148 37 11 11 0 6 11.453
165 160 37 11 13 0 4 11.453
166 172 37 6 16 0 4 6.062
167 179 37 9 15 0 4 9.000
168 189 37 9 14 0 3 9.000
169 199 37 18 13 0 4 18.000
170 218 37 8 13 0 4 8.484
171 227 37 11 9 0 8 11.016
172 239 37 15 8 0 9 15.078
173 255 37 1 1 0 17 0.000
174 257 37 18 13 0 4 18.000
175 276 37 9 13 0 4 9.000
176 286 37 9 13 0 4 9.000
177 296 37 15 11 0 6 15.078
178 312 37 7 13 0 4 7.219
179 320 37 7 13 0 4 7.219
180 328 37 9 14 0 3 9.000
181 338 37 12 14 0 7 11.453
182 351 37 11 15 0 4 11.453
183 363 37 6 7 0 10 5.719
184 370 37 9 3 0 17 9.000
185 380 37 7 13 0 4 7.219
186 388 37 8 13 0 4 8.484
187 397 37 11 9 0 8 11.016
188 409 37 17 13 0 4 17.453
189 427 37 17 13 0 4 17.453
190 445 37 17 13 0 4 17.453
191 463 37 10 14 0 7 9.547
192 474 37 13 16 0 1 12.312
193 488 37 13 16 0 1 12.312
194 0 56 13 16 0 1 12.312
195 14 56 13 16 0 1 12.312
196 28 56 13 16 0 1 12.312
197 42 56 13 17 0 0 12.312
198 56 56 18 13 0 4 17.531
199 75 56 13 16 0 4 12.562
200 89 56 11 16 0 1 11.375
201 101 56 11 16 0 1 11.375
202 113 56 11 16 0 1 11.375
203 125 56 11 16 0 1 11.375
204 137 56 5 16 0 1 5.312
205 143 56 5 16 0 1 5.312
206 149 56 7 16 -1 1 5.312
207 157 56 6 16 0 1 5.312
208 164 56 14 13 0 4 13.953
209 179 56 13 16 0 1 13.469
210 193 56 14 16 0 1 14.172
211 208 56 14 16 0 1 14.172
212 223 56 14 16 0 1 14.172
213 238 56 14 16 0 1 14.172
214 253 56 14 16 0 1 14.172
215 268 56 15 11 0 6 15.078
216 284 56 14 15 0 3 14.172
217 299 56 13 16 0 1 13.172
218 313 56 13 16 0 1 13.172
219 327 56 13 16 0 1 13.172
220 341 56 13 16 0 1 13.172
221 355 56 13 16 -1 1 11.000
222 369 56 11 13 0 4 10.891
223 381 56 11 14 0 3 11.344
224 393 56 11 14 0 3 11.031
225 405 56 11 14 0 3 11.031
226 417 56 11 14 0 3 11.031
227 429 56 11 14 0 3 11.031
228 441 56 11 14 0 3 11.031
229 453 56 11 16 0 1 11.031
230 465 56 18 10 0 7 17.672
231 484 56 10 13 0 7 9.891
232 495 56 11 14 0 3 11.078
233 0 74 11 14 0 3 11.078
234 12 74 11 14 0 3 11.078
235 24 74 11 14 0 3 11.078
236 36 74 6 14 -1 3 5.000
237 43 74 6 14 0 3 5.000
238 50 74 7 14 -1 3 5.000
239 58 74 7 14 -1 3 5.000
240 66 74 11 14 0 3 11.016
241 78 74 11 14 0 3 11.406
242 90 74 11 14 0 3 11.016
243 102 74 11 14 0 3 11.016
244 114 74 11 14 0 3 11.016
245 126 74 11 14 0 3 11.016
246 138 74 11 14 0 3 11.016
247 150 74 15 10 0 7 15.078
248 166 74 11 12 0 6 11.016
249 178 74 11 14 0 3 11.406
250 190 74 11 14 0 3 11.406
251 202 74 11 14 0 3 11.406
252 214 74 11 14 0 3 11.406
253 226 74 11 18 0 3 10.656
254 238 74 11 18 0 3 11.422
255 250 74 11 18 0 3 10.656
